connect
finished connect
SendRate(Mb/s)	RTT(ms)	CTotal	Loss	RecvACK	RecvNAK
1	5.86725	7.76214	602	81
2	7.41896	19.0167	1239	129
3	6.16097	5.38256	1768	174
4	4.48412	7.07761	2153	205
5	4.98475	10.2012	2581	307
6	4.53056	9.42143	2970	307
7	6.09119	7.06476	3493	343
8	6.25425	71.739	4030	475
9	8.10607	6.47306	4726	484
10	8.44386	11.6799	5451	499
11	8.863	64.5816	6212	606
12	8.17605	25.0734	6914	661
13	8.50215	239.389	7644	724
14	8.572	36.1829	8380	907
15	9.41049	101.299	9188	917
16	9.75991	88.9434	10026	990
17	9.46874	5.93257	10839	996
18	4.47231	10.3884	11223	1060
19	7.32601	19.5268	11852	1066
20	7.8615	7.02543	12527	1119
21	6.92974	5.69851	13122	1119
22	4.89159	9.50618	13542	1119
23	4.00654	10.8746	13886	1119
24	3.90151	11.2946	14221	1119
25	3.86682	5.8121	14553	1119
26	2.96991	9.30438	14808	1119
27	3.56388	7.49959	15114	1119
28	4.92652	11.0428	15537	1141
29	7.13942	8.4598	16150	1142
30	8.64183	47.5871	16892	1142
31	9.57354	13.1838	17714	1210
32	10.7033	15.0256	18633	1210
33	8.52534	9.37046	19365	1210
34	8.30411	27.6256	20078	1210
35	8.74571	249.94	20829	1213
36	7.39446	209.261	21464	1227
37	11.2969	337.452	22434	1229
38	7.84983	7.11168	23108	1657
39	8.15296	172.143	23808	1662
40	8.3623	469.97	24526	1694
41	8.76993	528.231	25279	1696
42	9.01454	283.674	26053	1825
43	9.99293	280.116	26911	1859
44	9.74858	522.534	27748	1894
45	10.2846	633.618	28631	1993
46	9.30579	248.936	29430	2584
47	9.70104	116.431	30263	2947
48	10.086	6.95784	31129	2947
49	10.9482	7.5959	32069	2991
50	12.2639	5.1855	33122	2996
51	4.36755	6.25972	33497	2996
52	5.06631	4.93077	33932	2996
53	6.988	6.39755	34532	2996
54	5.64868	7.05723	35017	3034
55	4.35586	5.54818	35391	3035
56	4.41418	4.17805	35770	3035
57	3.05141	5.0382	36032	3059
58	3.68032	8.46797	36348	3059
59	2.37592	5.91517	36552	3059
60	3.52895	6.75447	36855	3059
61	4.13472	3.78223	37210	3059
62	4.94984	6.21715	37635	3059
63	4.95001	4.47143	38060	3060
64	3.58714	6.03914	38368	3061
65	2.35263	16.4035	38570	3061
66	3.34258	9.32785	38857	3061
67	4.77513	7.66119	39267	3067
68	5.19441	5.21498	39713	3067
69	8.60688	19.8329	40452	3067
70	10.6804	6.26769	41369	3067
71	9.84144	6.32191	42214	3067
72	12.1824	7.38823	43260	3068
73	9.24742	4.74182	44054	3068
74	6.13781	4.94442	44581	3068
75	6.62696	7.86121	45150	3068
76	6.02132	5.40404	45667	3068
77	4.44909	4.06687	46049	3068
78	2.27109	10.5683	46244	3068
79	4.08801	6.10749	46595	3069
80	4.90326	3.52284	47016	3069
81	7.43012	5.03915	47654	3069
82	4.83314	5.58827	48069	3069
83	2.21267	6.62802	48259	3069
84	2.09629	4.03044	48439	3069
85	3.0748	4.86452	48703	3069
86	2.84176	4.65402	48947	3069
87	2.38756	4.68169	49152	3069
88	2.38756	7.59071	49357	3069
89	2.72541	5.73332	49591	3069
90	2.78355	5.09665	49830	3069
91	4.9848	4.55382	50258	3069
92	5.14788	6.72865	50700	3069
93	4.76347	5.59217	51109	3069
94	3.29598	5.36914	51392	3069
95	2.91166	4.3197	51642	3069
96	6.06789	5.97423	52163	3069
97	7.86147	4.42914	52838	3069
98	8.63044	4.49567	53579	3069
99	7.32557	7.00847	54208	3069
100	10.2727	4.9743	55090	3069
101	8.6649	7.89464	55834	3069
102	5.24097	4.30034	56284	3069
103	2.37591	5.81491	56488	3069
104	2.67873	4.98989	56718	3069
105	2.39922	6.78054	56924	3069
106	5.90486	7.04874	57431	3069
107	7.3141	5.02095	58059	3069
108	3.80845	4.72932	58386	3069
109	2.39921	5.34749	58592	3069
110	2.57391	5.12578	58813	3069
111	3.35423	4.3703	59101	3069
112	2.74871	4.85438	59337	3069
113	3.40082	7.32623	59629	3069
114	4.50726	8.5807	60016	3071
115	2.80689	6.39109	60257	3094
116	2.53906	4.72713	60475	3094
117	3.22623	6.11057	60752	3094
118	4.60043	7.12288	61147	3094
119	8.23413	7.79579	61854	3094
120	8.94465	37.686	62622	3094
121	9.22389	140.955	63414	3193
122	10.6679	7.99815	64330	3219
123	8.96791	45.545	65100	3219
124	10.3542	6.81394	65989	3236
125	9.44541	4.61828	66800	3236
126	8.23419	15.9136	67507	3246
127	5.62533	7.31167	67990	3246
128	7.48878	6.48568	68633	3246
129	9.24746	22.8113	69427	3249
130	8.47878	45.2829	70155	3296
131	7.53551	9.0946	70802	3418
132	10.7265	7.96373	71723	3456
133	8.95628	26.1849	72492	3554
134	5.95077	194.414	73003	3637
135	5.2055	224.222	73450	3637
136	7.77931	131.16	74118	3650
137	16.7235	3.94035	75554	3671
138	8.14099	4.09742	76253	3671
139	7.12777	7.25327	76865	3671
140	5.22937	4.23031	77314	3671
141	2.41087	4.86313	77521	3671
142	2.08482	4.26934	77700	3671
143	2.37592	5.36523	77904	3671
144	2.27109	5.28087	78099	3671
145	2.22459	11.1948	78290	3671
146	3.43576	5.98908	78585	3671
147	2.15461	4.38354	78770	3671
148	3.40089	5.87586	79062	3671
149	2.48082	4.49937	79275	3671
150	2.20122	4.0197	79464	3671
151	2.08476	4.6007	79643	3671
152	2.59721	7.59516	79866	3671
153	3.37753	3.99373	80156	3671
154	4.48396	6.08089	80541	3671
155	9.7832	3.28681	81381	3671
156	11.2976	6.62904	82351	3671
157	8.76991	7.82169	83104	3671
158	7.90836	4.22803	83783	3674
159	8.11799	4.24505	84480	3674
160	6.38238	5.8382	85028	3677
161	9.44543	4.32542	85839	3677
162	7.67542	3.41019	86498	3678
163	10.1093	3.88372	87366	3680
164	10.4004	3.96862	88259	3688
165	7.59363	10.0496	88911	3688
166	5.36907	5.59605	89372	3688
167	5.84661	4.8021	89874	3688
168	4.8916	5.79398	90294	3688
169	5.21789	5.66163	90742	3688
170	9.85307	3.81204	91588	3705
171	12.3925	4.18192	92652	3705
172	8.97933	4.85662	93423	3705
173	8.79322	5.1455	94178	3716
174	7.52374	5.53929	94824	3716
175	3.75023	4.00364	95146	3716
176	4.34421	4.54442	95519	3716
177	6.6386	3.48028	96089	3716
178	8.47876	6.70367	96817	3716
179	8.8165	5.08727	97574	3716
180	9.63182	6.54368	98401	3716
181	11.1109	4.16168	99355	3721
182	9.39886	235.296	100162	3721
183	7.0928	5.3875	100771	3721
184	6.87154	4.31514	101361	3721
185	8.4907	4.76241	102090	3721
186	5.96315	6.93027	102602	3721
187	7.16277	3.86346	103217	3721
188	7.83819	4.62296	103890	3721
189	8.99128	2.86319	104662	3721
190	8.59517	4.76405	105400	3721
191	9.4688	5.61321	106213	3721
192	7.51207	3.64722	106858	3721
193	3.88997	4.45105	107192	3721
194	3.36588	9.03934	107481	3721
195	4.48393	9.43967	107866	3721
196	7.15104	4.01041	108480	3721
197	6.6968	5.20161	109055	3721
198	6.42896	3.98134	109607	3722
199	5.18274	4.78865	110052	3722
200	4.57715	5.42045	110445	3722
201	3.89	4.06747	110779	3722
202	3.21447	4.04778	111055	3722
203	2.45744	8.49685	111266	3722
204	2.29447	5.72877	111463	3722
205	2.22451	6.51339	111654	3722
206	6.55715	3.13923	112217	3722
207	7.36068	4.25171	112849	3722
208	11.9145	5.51389	113872	3722
209	9.39885	5.51533	114679	3722
210	6.95306	3.80994	115276	3827
211	7.84986	5.55875	115950	3887
212	9.07274	5.0807	116729	3950
213	10.9129	4.36078	117666	3980
214	11.67	4.27894	118668	4025
215	5.66027	34.8222	119154	4120
216	4.34421	23.5998	119527	4139
217	2.34098	4.65789	119728	4157
218	2.99321	4.77192	119985	4177
219	2.46901	5.44808	120197	4217
220	2.84184	20.3387	120441	4260
221	2.86508	47.0898	120687	4286
222	3.06307	93.3578	120950	4294
223	4.26267	6.2861	121316	4342
224	9.67836	108.517	122147	4437
225	13.021	6.45628	123265	4531
226	7.30247	8.40568	123892	4548
227	7.87313	4.75488	124568	4553
228	6.9414	34.4748	125164	4554
229	8.00123	27.3273	125851	4554
230	9.38721	5.21296	126657	4583
231	11.5185	120.63	127646	4663
232	12.0077	3.21084	128677	4663
233	10.4588	7.74744	129575	4663
234	11.6467	4.60192	130575	4663
235	10.3539	5.56699	131464	4663
236	10.4936	4.04781	132365	4663
237	9.45707	3.92856	133177	4663
238	6.4872	5.71431	133734	4663
239	7.81491	4.37948	134405	4665
240	9.25909	4.43491	135200	4666
241	10.3772	67.0704	136091	4703
242	10.9828	11.7169	137034	4703
243	7.75664	12.7137	137700	4706
244	6.24261	3.89702	138236	4706
245	2.50404	4.46319	138451	4706
246	2.38758	5.53085	138656	4706
247	2.88837	5.27217	138904	4742
248	3.62211	5.46891	139215	4742
249	2.35262	6.51229	139417	4742
250	3.4474	22.1261	139713	4742
251	4.97251	74.5883	140140	4831
252	4.43686	163.406	140521	4832
253	9.15374	46.7999	141307	4832
254	6.80165	5.46094	141891	4832
255	4.97313	6.29274	142318	4832
256	7.66353	24.8681	142976	4832
257	11.1109	4.87712	143930	4832
258	9.9113	3.78073	144781	4832
259	8.70007	51.6741	145528	4845
260	9.02619	73.743	146303	4845
261	8.74666	9.48232	147054	4846
262	8.56026	4.21819	147789	4927
263	8.58345	11.8581	148526	4930
264	6.75504	6.13408	149106	4975
265	4.75183	6.42745	149514	4975
266	2.2711	5.8202	149709	4975
267	2.03815	4.6067	149884	4975
268	2.32933	6.98211	150084	4975
269	2.10812	4.23121	150265	4975
270	2.21287	21.8024	150455	4975
271	2.11969	5.4166	150637	4995
272	3.55224	7.8059	150942	4995
273	3.296	173.889	151225	5013
274	3.59881	162.423	151534	5064
275	4.05303	838.631	151882	5064
276	3.84338	135.186	152212	5201
277	4.2976	8.097	152581	5239
278	3.79665	360.527	152907	5265
279	6.13746	5.60544	153434	5365
280	5.40424	30.9877	153898	5524
281	8.04813	6.3735	154589	5565
282	10.68	11.8205	155506	5653
283	7.97826	14.2447	156191	5760
284	5.55542	4.43576	156668	5839
285	6.02131	11.0871	157185	5928
286	7.01127	4.23362	157787	6002
287	7.05787	3.78821	158393	6002
288	7.88482	3.98833	159070	6002
289	7.51209	5.60895	159715	6002
290	7.34905	4.89559	160346	6003
291	7.81491	366.454	161017	6003
292	7.68679	88.175	161677	6171
293	8.02453	11.8228	162366	6171
294	7.53535	6.09175	163013	6171
295	6.63862	4.66596	163583	6171
296	3.86657	5.49941	163915	6188
297	2.35263	4.49544	164117	6188
298	2.10805	4.67001	164298	6188
299	2.53896	8.10866	164516	6188
300	2.73696	15.7319	164751	6188
301	3.45905	21.4927	165048	6188
302	4.83335	41.081	165463	6199
303	5.77673	42.4448	165959	6199
304	5.33415	5.43437	166417	6199
305	3.48234	4.12362	166716	6199
306	6.11447	6.2865	167241	6199
307	10.0278	5.32864	168102	6200
308	9.2474	4.81477	168896	6201
309	8.47877	3.65631	169624	6201
310	3.92492	5.70094	169961	6201
311	3.86668	4.97897	170293	6201
312	2.16627	4.91698	170479	6201
313	2.28274	4.22031	170675	6201
314	3.31929	4.86887	170960	6201
315	6.46411	6.85746	171515	6201
316	5.92815	6.13008	172024	6201
317	6.00967	7.01142	172540	6201
318	6.7667	3.54239	173121	6201
319	6.58038	6.78947	173686	6201
320	5.86978	3.8342	174190	6202
321	5.50899	11.7727	174663	6205
322	2.92341	4.20255	174914	6205
323	6.45229	11.46	175468	6205
324	6.60364	9.7479	176035	6360
325	9.1543	11.112	176821	6360
326	14.5001	4.01382	178066	6361
327	5.7418	5.57468	178559	6389
328	2.45744	5.20997	178770	6412
329	2.72531	13.8547	179004	6412
330	7.87316	9.04682	179680	6442
331	12.7764	4.37026	180777	6448
332	15.0125	14.9595	182066	6465
333	11.2274	7.7791	183030	6465
334	7.91972	4.39737	183710	6465
335	4.62373	4.33043	184107	6465
336	5.26429	6.31688	184559	6465
337	4.44901	6.66026	184941	6465
338	4.21609	5.24309	185303	6465
339	3.72692	4.83313	185623	6465
340	5.48558	6.80821	186094	6510
341	5.5904	5.41478	186574	6591
342	10.4005	3.80837	187467	6593
343	9.77155	3.31151	188306	6595
344	8.17597	8.16804	189008	6648
345	10.1792	40.3713	189882	6757
346	9.9812	5.56568	190739	6768
347	8.9561	4.33169	191508	6768
348	9.51537	4.91437	192325	6768
349	7.74501	6.88918	192990	6778
350	5.11288	5.3986	193429	6778
351	5.89331	4.33852	193935	6820
352	7.0813	3.71615	194543	6820
353	7.04615	4.49877	195148	6820
354	7.6868	4.18677	195808	6820
355	7.72147	86.2876	196471	6820
356	9.95795	3.75435	197326	6820
357	8.65348	4.83621	198069	6820
358	6.67376	5.91373	198642	6820
359	3.56388	4.07219	198948	6820
360	3.06307	4.42827	199211	6842
361	3.82013	7.71838	199539	6842
362	2.57391	5.13196	199760	6842
363	2.71367	5.41011	199993	6842
364	4.39078	3.84283	200370	6844
365	7.44219	3.77865	201009	6844
366	7.86148	7.39293	201684	6844
367	7.0579	6.08904	202290	6844
368	3.9715	3.99392	202631	6844
369	2.55062	5.52079	202850	6844
370	2.178	5.29053	203037	6844
371	2.0731	6.36563	203215	6844
372	2.03814	5.88344	203390	6844
373	2.0731	5.30651	203568	6844
374	2.52731	4.90445	203785	6844
375	2.99312	4.9901	204042	6844
376	4.14588	4.01324	204398	6879
377	5.98648	4.14772	204912	6879
378	8.12943	6.91577	205610	6929
379	9.21283	14.0646	206401	6943
380	10.4936	8.95675	207302	6999
381	7.84963	251.501	207976	7233
382	8.64136	3.76745	208718	7403
383	8.51368	66.5652	209449	7409
384	7.80315	9.97266	210119	7409
385	6.83658	4.15891	210706	7409
386	7.19764	3.93954	211324	7410
387	7.48882	13.9065	211967	7410
388	6.23094	13.7236	212502	7460
389	6.35901	3.74288	213048	7460
390	7.97812	6.44264	213733	7460
391	8.19954	4.04884	214437	7460
392	7.6288	7.92471	215092	7461
393	8.36201	9.92266	215810	7461
394	16.9348	10.163	217264	7461
395	12.2406	4.61864	218315	7461
396	7.04619	7.90266	218920	7461
397	5.3691	5.85839	219381	7461
398	11.4257	50.8887	220362	7461
399	14.4534	4.2841	221603	7462
400	13.3238	4.66414	222747	7462
401	9.96956	4.0933	223603	7462
402	14.3834	8.45732	224838	7551
403	8.52532	3.70999	225570	7551
404	3.296	5.55829	225853	7551
405	2.17792	4.6137	226040	7551
406	2.30604	3.98423	226238	7551
407	5.38076	3.62971	226700	7551
408	10.7965	3.56281	227627	7553
409	9.41049	5.79751	228435	7553
410	6.24258	6.19525	228971	7553
411	3.35424	11.1894	229259	7553
412	2.96992	4.65843	229514	7553
413	2.45744	5.15019	229725	7553
414	2.0731	4.2172	229903	7553
415	2.35263	4.99396	230105	7553
416	2.50403	5.03673	230320	7553
417	2.10805	8.17894	230501	7553
418	2.3992	6.36211	230707	7553
419	3.41248	21.4818	231000	7553
420	2.72531	6.21069	231234	7553
421	2.45745	6.94009	231445	7568
422	2.41085	10.6003	231652	7568
423	2.72532	6.93167	231886	7568
424	2.73687	5.72542	232121	7568
425	3.9017	18.6445	232456	7568
426	3.01659	9.44357	232715	7569
427	2.51569	8.56807	232931	7569
428	4.58883	8.64282	233325	7569
429	3.42411	6.93013	233619	7569
430	3.84339	7.44754	233949	7569
431	5.35746	10.4384	234409	7569
432	4.12291	7.09959	234763	7569
433	2.66708	6.54196	234992	7569
434	2.31768	8.72928	235191	7569
435	2.14298	6.38206	235375	7569
436	2.28273	6.13052	235571	7569
437	2.37591	6.9245	235775	7569
438	3.52892	6.01536	236078	7569
439	3.26105	5.97986	236358	7569
440	2.55057	15.6928	236577	7569
441	2.31768	5.34134	236776	7569
442	3.8201	4.26568	237104	7569
443	6.55705	8.12721	237667	7569
444	3.94821	6.12534	238006	7569
445	2.78354	7.60656	238245	7569
446	3.4707	7.32821	238543	7569
447	3.94822	4.9124	238882	7569
448	2.53897	8.7655	239100	7569
449	4.93817	4.09537	239524	7569
450	7.5121	7.55642	240169	7569
451	7.55895	5.66461	240818	7569
452	5.17111	13.843	241262	7569
453	4.29761	5.98052	241631	7569
454	5.89321	4.93629	242137	7569
455	7.38397	4.32403	242771	7569
456	5.99798	15.672	243286	7569
457	5.20583	19.4838	243733	7569
458	3.49399	5.46406	244033	7569
459	7.66354	141.034	244691	7569
460	8.68793	286.928	245437	7570
461	8.2459	7.1505	246145	7604
462	8.89804	6.17172	246909	7612
463	10.6334	5.11059	247822	7612
464	7.48881	16.7596	248465	7612
465	5.27594	5.48564	248918	7614
466	8.85175	4.93781	249678	7614
467	14.3369	34.1482	250909	7615
468	16.4329	62.5003	252320	7633
469	15.6638	8.83644	253665	7633
470	12.9976	3.40864	254781	7738
471	8.78159	7.08411	255535	7740
472	9.34052	3.80335	256337	7740
473	3.855	69.9178	256668	7757
474	3.03977	7.18096	256929	7758
475	2.72532	4.07184	257163	7758
476	8.57193	4.90369	257899	7758
477	15.0351	195.437	259190	7758
478	17.7368	20.6734	260713	7759
479	14.4768	6.06101	261956	7761
480	13.755	6.78015	263137	7761
481	12.9859	7.55894	264252	7761
482	6.53373	8.99193	264813	7761
483	6.68517	4.32583	265387	7761
484	6.47554	4.38081	265943	7761
485	3.26102	5.39517	266223	7761
486	3.33094	9.08179	266509	7785
487	3.21446	10.6745	266785	7797
488	2.28274	49.8535	266981	7819
489	2.69037	8.78502	267212	7833
490	4.37913	11.0142	267588	7897
491	4.40228	18.6398	267966	7897
492	3.76182	25.9171	268289	7902
493	4.29759	33.529	268658	7902
494	5.83498	38.0564	269159	7902
495	5.64861	360.098	269644	7902
496	5.38095	86.4963	270106	8151
497	4.61207	9.2755	270502	8151
498	3.37753	60.3046	270792	8151
499	4.6936	76.4868	271195	8160
500	5.85822	60.8155	271698	8411
501	7.55867	1568.32	272347	8469
502	7.27915	614.313	272972	8957
503	7.79159	7.57062	273641	9096
504	8.08276	6.85812	274335	9383
505	11.9607	563.737	275362	9686
506	15.5944	31.5986	276701	10343
507	16.828	756.565	278146	10367
508	15.8262	336.965	279505	11307
509	15.4197	108.446	280829	12333
510	17.1542	535.304	282302	12333
511	15.5238	905.208	283635	12343
512	14.4882	223.602	284879	14180
513	13.1249	211.96	286006	14821
514	16.2115	211.249	287398	15072
515	14.103	802.059	288609	15072
516	12.8922	1256.56	289716	15072
517	12.2396	103.716	290767	16997
518	18.307	234.562	292339	17479
519	15.4781	211.256	293668	18951
520	15.0713	353.439	294962	19031
521	13.5446	479.534	296125	19329
522	11.6345	887.001	297124	19470
523	16.9452	480.457	298579	20422
524	6.43997	816.618	299132	20423
525	19.5178	924.582	300808	20905
526	15.6054	936.637	302148	21068
527	13.6726	249.915	303322	23128
528	19.2621	628.203	304976	23137
529	10.7607	390.823	305900	24185
530	20.1586	288.274	307631	24511
531	13.9516	218.282	308829	25369
532	15.7682	637.653	310183	25619
533	15.3491	481.185	311501	26406
534	16.8276	945.425	312946	26406
535	14.3712	56.4919	314180	28125
536	12.8685	491.081	315285	28194
537	16.141	235.23	316671	28711
538	16.5603	496.665	318093	28813
539	17.0725	197.74	319559	30083
540	15.7564	419.655	320912	30454
541	15.4313	46.2013	322237	31505
542	12.228	237.861	323287	31626
543	16.7582	367.989	324726	31988
544	6.78943	408.998	325309	32351
545	13.0205	495.325	326427	32425
546	7.56952	630.733	327077	33108
547	10.3994	548.569	327970	33272
548	15.1627	587.07	329272	33689
549	9.14181	78.6182	330057	34704
550	7.69773	58.7963	330718	34775
551	21.3698	764.961	332553	34838
552	12.5306	488.245	333629	35818
553	17.0488	306.643	335093	36281
554	13.8353	279.012	336281	36580
555	13.1243	211.618	337408	37475
556	7.8958	663.793	338086	37527
557	7.52318	1442.5	338732	37527
558	7.75621	1289.46	339398	37547
559	6.37023	598.124	339945	38559
560	13.3109	268.63	341088	38943
561	17.2365	61.5462	342568	39098
562	16.2576	148.67	343964	39163
563	20.6478	252.207	345737	39173
564	23.3495	843.734	347742	40898
565	17.7139	154.509	349263	43116
566	14.58	361.631	350515	43132
567	21.2651	338.249	352341	43602
568	15.3026	109.013	353655	45180
569	14.3472	698.74	354887	45180
570	12.03	52.2052	355920	46019
571	14.1496	315.184	357135	46019
572	12.9966	569.662	358251	46045
573	15.7451	1600.15	359603	46045
574	12.228	145.288	360653	48148
575	13.7769	375.457	361836	48148
576	10.3646	104.941	362726	48218
577	13.1597	168.147	363856	48270
578	7.9655	196.509	364540	48293
579	4.21577	249.651	364902	48345
580	6.95228	866.748	365499	48371
581	8.37345	279.943	366218	48764
582	11.2732	1164.36	367186	48764
583	12.9151	1960.09	368295	48764
584	9.39811	690.782	369102	50118
585	11.2264	102.802	370066	50935
586	6.27704	208.533	370605	50936
587	9.15348	754.753	371391	50936
588	6.57984	1189.23	371956	50936
589	6.02086	654.681	372473	51470
590	15.2675	284.498	373784	52165
591	16.7813	745.88	375225	52238
592	14.4177	392.404	376463	53237
593	17.0956	96.4252	377931	53995
594	9.53777	221.466	378750	54054
595	11.9142	362.299	379773	54190
596	15.7684	1070.48	381127	54217
597	14.6148	202.293	382382	55378
598	15.3721	116.217	383702	55389
599	10.5165	379.717	384605	55458
600	16.0361	1253.28	385982	55458
601	12.6005	190.574	387064	57198
602	14.3831	511.87	388299	57373
603	15.7445	465.137	389651	57634
604	14.5918	446.97	390904	58485
605	9.42132	539.073	391713	58531
606	10.2487	528.77	392593	58943
607	4.39039	1022.81	392970	59005
608	8.39644	1177.7	393691	59258
609	7.96582	834.95	394375	59552
610	20.299	1215.29	396118	59714
611	17.434	795.806	397615	60726
612	8.68809	798.089	398361	61996
613	17.7831	403.347	399888	62721
614	10.6795	805.126	400805	62990
615	27.3327	1229.9	403152	62990
616	15.1164	2075.51	404450	62990
617	13.3123	2375.94	405593	62990
618	10.7269	68.7623	406514	67959
619	10.4932	326.678	407415	68009
620	10.6913	54.949	408333	68075
621	8.0481	13.0123	409024	68090
622	7.58221	10.4133	409675	68093
623	8.0947	6.7187	410370	68120
624	8.374	127.94	411089	68121
625	8.12936	33.6257	411787	68121
626	8.44382	30.8242	412512	68121
