Recv Rate(Mb/s)	RTT(ms)	Packets Recvd
6.01839		10000	538		
4.68144		10000	402		
4.3321		10000	372		
4.34344		10000	373		
4.07467		10000	350		
4.49443		10000	386		
4.50483		10000	387		
4.6564		10000	400		
4.58802		10000	394		
3.38883		10000	291		
5.51966		10000	474		
7.2301		10000	621		
8.53582		10000	733		
5.72924		10000	492		
5.48479		10000	471		
5.11204		10000	439		
4.43691		10000	381		
3.19051		10000	274		
2.8637		10000	246		
3.37717		10000	290		
2.99231		10000	257		
3.57496		10000	307		
4.22716		10000	363		
2.87637		10000	247		
2.45721		10000	211		
3.76154		10000	323		
4.13416		10000	355		
5.3218		10000	457		
6.16058		10000	529		
5.14709		10000	442		
7.01041		10000	602		
8.13713		10000	699		
7.62742		10000	655		
7.42696		10000	638		
8.16313		10000	701		
9.18756		10000	789		
8.9046		10000	765		
9.49114		10000	815		
8.43916		10000	725		
9.46732		10000	813		
8.93986		10000	768		
11.5636		10000	993		
9.51367		10000	817		
8.71848		10000	749		
7.11219		10000	611		
6.61406		10000	568		
6.92867		10000	595		
7.6149		10000	654		
3.62173		10000	311		
2.59674		10000	223		
3.87805		10000	333		
3.70161		10000	318		
4.59998		10000	395		
5.13325		10000	441		
5.182		10000	445		
3.93438		10000	338		
5.0653		10000	435		
4.61162		10000	396		
5.0189		10000	431		
6.28849		10000	540		
7.06834		10000	607		
7.08048		10000	608		
7.35965		10000	632		
7.58055		10000	651		
7.67172		10000	659		
9.24636		10000	794		
9.44019		10000	811		
7.9305		10000	681		
5.50815		10000	473		
5.58944		10000	480		
4.63496		10000	398		
5.53161		10000	475		
5.06557		10000	435		
6.77742		10000	582		
9.36296		10000	804		
12.3201		10000	1058		
11.666		10000	1002		
7.22948		10000	621		
4.0523		10000	348		
6.0181		10000	517		
7.3475		10000	631		
8.62892		10000	741		
9.32831		10000	801		
9.51351		10000	817		
9.26929		10000	796		
10.1412		10000	871		
16.9833		10000	1459		
21.1245		10000	1814		
29.6123		10000	2543		
21.2068		10000	1821		
29.857		10000	2565		
23.1755		10000	1991		
25.5619		10000	2195		
21.8897		10000	1880		
14.8559		10000	1276		
28.996		10000	2490		
15.0985		10000	1297		
28.6584		10000	2461		
18.6011		10000	1598		
38.6111		10000	3317		
18.7419		10000	1610		
17.7017		10000	1520		
23.0115		10000	1976		
16.9967		10000	1460		
17.4337		10000	1497		
17.8378		10000	1532		
30.7209		10000	2639		
15.8957		10000	1365		
31.185		10000	2678		
23.2809		10000	2000		
20.8788		10000	1793		
16.4781		10000	1415		
21.4392		10000	1841		
11.3891		10000	978		
16.4778		10000	1415		
18.0733		10000	1552		
30.0329		10000	2579		
23.687		10000	2034		
27.7285		10000	2382		
37.6154		10000	3230		
22.1026		10000	1898		
28.6127		10000	2457		
27.2234		10000	2338		
28.7168		10000	2467		
30.2653		10000	2599		
38.1441		10000	3276		
18.7493		10000	1610		
20.7413		10000	1781		
18.3793		10000	1579		
24.9792		10000	2145		
31.0335		10000	2666		
27.2617		10000	2342		
28.6712		10000	2462		
26.9013		10000	2310		
35.1458		10000	3018		
25.4469		10000	2185		
34.3842		10000	2953		
30.9409		10000	2657		
36.5795		10000	3141		
40.1868		10000	3451		
36.2097		10000	3110		
24.9342		10000	2142		
34.7609		10000	2985		
44.913		10000	3857		
23.3861		10000	2009		
26.1671		10000	2247		
21.1254		10000	1814		
44.8945		10000	3855		
36.4606		10000	3131		
16.4434		10000	1412		
16.7116		10000	1435		
35.634		10000	3060		
15.8846		10000	1364		
14.464		10000	1242		
10.2726		10000	882		
11.0052		10000	945		
11.5871		10000	995		
10.4109		10000	894		
9.75575		10000	838		
8.23354		10000	707		
9.14944		10000	786		
9.58295		10000	823		
10.7722		10000	925		
13.532		10000	1162		
14.6247		10000	1256		
12.0746		10000	1037		
13.8345		10000	1188		
12.8067		10000	1100		
15.3597		10000	1319		
13.538		10000	1163		
14.7665		10000	1268		
14.3585		10000	1233		
16.3025		10000	1400		
12.8396		10000	1103		
4.85566		10000	417		
7.80237		10000	670		
8.69931		10000	747		
7.4178		10000	637		
8.8733		10000	762		
7.21975		10000	620		
6.72846		10000	578		
6.52012		10000	560		
5.68116		10000	488		
5.7526		10000	494		
6.43855		10000	553		
7.90365		10000	679		
8.52409		10000	732		
6.50994		10000	559		
8.38392		10000	720		
7.85925		10000	675		
9.69733		10000	833		
7.91853		10000	680		
7.28972		10000	626		
6.37893		10000	548		
5.18204		10000	445		
4.06236		10000	349		
4.56509		10000	392		
4.02943		10000	346		
3.56193		10000	306		
4.44682		10000	382		
5.33132		10000	458		
5.29881		10000	455		
7.56852		10000	650		
6.33237		10000	544		
7.96187		10000	684		
7.6389		10000	656		
5.35672		10000	460		
5.86907		10000	504		
5.75262		10000	494		
8.51244		10000	731		
8.128		10000	698		
8.27956		10000	711		
11.4583		10000	984		
12.9841		10000	1115		
10.6895		10000	918		
10.8885		10000	935		
7.76389		10000	667		
8.09353		10000	695		
7.62786		10000	655		
6.07884		10000	522		
8.13984		10000	699		
8.17477		10000	702		
8.08192		10000	694		
9.15284		10000	786		
9.39806		10000	807		
9.48678		10000	815		
9.30478		10000	799		
10.1081		10000	868		
11.5639		10000	993		
8.41903		10000	723		
11.1675		10000	959		
9.59202		10000	824		
8.92071		10000	766		
9.3975		10000	807		
16.8269		10000	1445		
22.6718		10000	1947		
11.7964		10000	1013		
9.31227		10000	800		
8.86994		10000	762		
8.60527		10000	739		
8.7918		10000	755		
9.10641		10000	782		
8.40486		10000	722		
6.10194		10000	524		
6.12529		10000	526		
6.52094		10000	560		
6.48622		10000	557		
8.26786		10000	710		
8.83871		10000	759		
7.82549		10000	672		
6.64938		10000	571		
6.62608		10000	569		
5.96226		10000	512		
6.3116		10000	542		
3.9825		10000	342		
3.97101		10000	341		
3.45859		10000	297		
2.3058		10000	198		
2.21262		10000	190		
2.41049		10000	207		
2.64354		10000	227		
2.99274		10000	257		
2.82977		10000	243		
4.44858		10000	382		
4.73941		10000	407		
4.69098		10000	403		
5.4243		10000	466		
6.49526		10000	558		
5.6596		10000	486		
5.70609		10000	490		
5.58888		10000	480		
4.93733		10000	424		
6.90588		10000	593		
5.93907		10000	510		
6.24176		10000	536		
5.71774		10000	491		
4.58629		10000	394		
4.53975		10000	390		
2.58416		10000	222		
2.86443		10000	246		
5.74143		10000	493		
7.42992		10000	638		
6.75405		10000	580		
7.16176		10000	615		
6.91722		10000	594		
7.38246		10000	634		
7.20835		10000	619		
5.5759		10000	479		
3.85308		10000	331		
2.96828		10000	255		
3.60965		10000	310		
3.49353		10000	300		
2.0612		10000	177		
2.3057		10000	198		
2.53858		10000	218		
2.48057		10000	213		
2.55028		10000	219		
3.15585		10000	271		
3.29554		10000	283		
3.50536		10000	301		
5.61311		10000	482		
7.23157		10000	621		
10.2365		10000	879		
9.40875		10000	808		
9.36266		10000	804		
10.3174		10000	886		
5.54316		10000	476		
6.41664		10000	551		
6.41644		10000	551		
4.9843		10000	428		
6.4866		10000	557		
6.46195		10000	555		
6.64933		10000	571		
7.09152		10000	609		
8.43152		10000	724		
10.609		10000	911		
6.94923		10000	597		
10.0495		10000	863		
8.38451		10000	720		
8.32655		10000	715		
7.8138		10000	671		
6.3348		10000	544		
6.19456		10000	532		
8.65252		10000	743		
8.19806		10000	704		
9.53764		10000	819		
8.78876		10000	755		
8.50047		10000	730		
10.3987		10000	893		
11.5822		10000	995		
13.0047		10000	1117		
14.2423		10000	1223		
8.81404		10000	757		
8.7104		10000	748		
9.28089		10000	797		
7.24316		10000	622		
7.41785		10000	637		
9.45254		10000	812		
9.49848		10000	816		
9.79111		10000	841		
9.63998		10000	828		
8.60539		10000	739		
12.1465		10000	1043		
13.7531		10000	1181		
13.982		10000	1201		
16.6517		10000	1430		
14.7072		10000	1263		
9.31587		10000	800		
8.41799		10000	723		
6.10062		10000	524		
5.0868		10000	437		
4.41164		10000	379		
3.90054		10000	335		
4.96078		10000	426		
4.75119		10000	408		
4.94909		10000	425		
5.85552		10000	503		
4.36522		10000	375		
6.00863		10000	516		
4.88886		10000	420		
6.04128		10000	519		
6.28859		10000	540		
16.5834		10000	1424		
8.45455		10000	726		
7.3479		10000	631		
8.65272		10000	743		
6.63789		10000	570		
6.19523		10000	532		
5.3093		10000	456		
5.19152		10000	446		
4.33192		10000	372		
4.27194		10000	367		
6.01809		10000	517		
6.83554		10000	587		
6.93963		10000	596		
6.18329		10000	531		
6.50953		10000	559		
7.32479		10000	629		
7.76685		10000	667		
8.7806		10000	754		
9.50241		10000	816		
9.09204		10000	781		
8.60217		10000	739		
8.03171		10000	690		
8.96659		10000	770		
8.46623		10000	727		
7.48798		10000	643		
6.81255		10000	585		
6.30009		10000	541		
6.59113		10000	566		
6.27403		10000	539		
7.01092		10000	602		
7.46494		10000	641		
7.72039		10000	663		
8.36009		10000	718		
10.3873		10000	892		
14.056		10000	1207		
10.5742		10000	908		
7.13862		10000	613		
4.76276		10000	409		
2.21256		10000	190		
2.14264		10000	184		
2.87631		10000	247		
2.57354		10000	221		
2.25868		10000	194		
2.38735		10000	205		
3.1769		10000	273		
6.75408		10000	580		
9.85175		10000	846		
5.49656		10000	472		
4.83229		10000	415		
5.84562		10000	502		
6.10184		10000	524		
6.46343		10000	555		
8.61745		10000	740		
9.82854		10000	844		
9.15298		10000	786		
9.09491		10000	781		
10.2713		10000	882		
13.3451		10000	1146		
10.4806		10000	900		
9.95622		10000	855		
11.8559		10000	1018		
12.2506		10000	1052		
13.0734		10000	1123		
12.8797		10000	1106		
5.89253		10000	506		
4.73905		10000	407		
6.26438		10000	538		
7.85938		10000	675		
7.66268		10000	658		
9.6661		10000	830		
8.9442		10000	768		
11.1795		10000	960		
7.03359		10000	604		
2.73539		10000	235		
2.39903		10000	206		
2.17773		10000	187		
3.71478		10000	319		
5.4268		10000	466		
3.12078		10000	268		
2.36398		10000	203		
3.71471		10000	319		
5.83396		10000	501		
6.14877		10000	528		
7.67406		10000	659		
7.81275		10000	671		
7.98824		10000	686		
8.92803		10000	767		
8.98643		10000	772		
8.46353		10000	727		
9.07083		10000	779		
8.06995		10000	693		
8.3028		10000	713		
8.5102		10000	731		
6.76435		10000	581		
10.3173		10000	886		
10.779		10000	926		
12.9026		10000	1108		
15.8603		10000	1362		
11.3071		10000	971		
9.65421		10000	829		
8.02375		10000	689		
6.84772		10000	588		
5.17062		10000	444		
6.59001		10000	566		
7.87222		10000	676		
7.72069		10000	663		
7.84562		10000	674		
8.15174		10000	700		
10.0608		10000	864		
9.62666		10000	827		
9.98753		10000	858		
9.31642		10000	800		
8.96719		10000	770		
9.94482		10000	854		
11.5755		10000	994		
10.9438		10000	940		
8.82723		10000	758		
14.4686		10000	1243		
10.8255		10000	930		
14.4923		10000	1245		
10.1973		10000	876		
5.13567		10000	441		
7.02206		10000	603		
8.94371		10000	768		
9.19727		10000	790		
8.27996		10000	711		
6.94887		10000	597		
8.2646		10000	710		
7.53488		10000	647		
6.5884		10000	566		
5.88998		10000	506		
4.43682		10000	381		
2.98104		10000	256		
2.77158		10000	238		
3.11992		10000	268		
3.67833		10000	316		
4.7389		10000	407		
4.22712		10000	363		
4.94911		10000	425		
5.98586		10000	514		
6.36972		10000	547		
6.7651		10000	581		
8.9204		10000	766		
9.69985		10000	833		
9.0831		10000	780		
7.60431		10000	653		
8.32613		10000	715		
8.44278		10000	725		
9.30083		10000	799		
10.8486		10000	932		
12.3442		10000	1060		
10.8768		10000	934		
9.67278		10000	831		
9.57228		10000	822		
8.79198		10000	755		
9.03638		10000	776		
9.44451		10000	811		
10.2207		10000	878		
10.8537		10000	932		
7.39494		10000	635		
7.01056		10000	602		
6.25373		10000	537		
10.3298		10000	887		
10.1319		10000	870		
5.96224		10000	512		
2.9346		10000	252		
2.31722		10000	199		
2.46865		10000	212		
2.65513		10000	228		
2.57366		10000	221		
3.70301		10000	318		
3.63334		10000	312		
4.41343		10000	379		
6.52163		10000	560		
7.67345		10000	659		
8.02399		10000	689		
8.00027		10000	687		
5.32174		10000	457		
4.21552		10000	362		
3.85474		10000	331		
5.29849		10000	455		
7.30188		10000	627		
7.3949		10000	635		
8.37019		10000	719		
9.99211		10000	858		
10.1191		10000	869		
9.99109		10000	858		
8.34945		10000	717		
9.04699		10000	777		
7.64764		10000	657		
6.7978		10000	584		
5.95986		10000	512		
2.39848		10000	206		
2.07294		10000	178		
2.60807		10000	224		
2.56197		10000	220		
4.07412		10000	350		
4.91417		10000	422		
5.37994		10000	462		
5.1799		10000	445		
6.35552		10000	546		
5.52905		10000	475		
5.31051		10000	456		
5.16956		10000	444		
4.28526		10000	368		
5.1934		10000	446		
3.29423		10000	283		
3.8544		10000	331		
2.71218		10000	233		
5.0541		10000	434		
5.55387		10000	477		
4.26139		10000	366		
4.69293		10000	403		
5.47312		10000	470		
4.46021		10000	383		
3.49253		10000	300		
3.50516		10000	301		
2.96827		10000	255		
3.75994		10000	323		
2.96892		10000	255		
2.88791		10000	248		
3.10779		10000	267		
3.23749		10000	278		
2.7944		10000	240		
2.50363		10000	215		
1.5837		10000	136		
2.61922		10000	225		
4.24964		10000	365		
3.08468		10000	265		
2.08358		10000	179		
2.5497		10000	219		
4.9724		10000	427		
4.75124		10000	408		
4.4941		10000	386		
3.48033		10000	299		
6.01877		10000	517		
6.91433		10000	594		
7.4877		10000	643		
8.09346		10000	695		
5.4593		10000	469		
2.7132		10000	233		
0		10000	0		
0		10000	0		
0		10000	0		
0		10000	0		
0		10000	0		
0		10000	0		
0		10000	0		
0		10000	0		
0		10000	0		
0		10000	0		
