connect
finished connect
SendRate(Mb/s)	RTT(ms)	CTotal	Loss	RecvACK	RecvNAK
1	4.5409	9.47648	558	113
2	5.78832	172.387	1055	162
3	6.32419	52.5723	1598	253
4	7.50022	24.0325	2242	345
5	7.38421	19.3661	2876	417
6	8.10548	3.84202	3572	420
7	7.89634	7.99394	4250	489
8	6.90648	11.3536	4843	603
9	9.07269	3.19277	5622	697
10	11.4597	3.52993	6606	753
11	10.5983	6.24768	7516	800
12	4.32077	5.7045	7887	868
13	7.20923	4.12888	8506	984
14	8.0711	5.23228	9199	1069
15	8.19903	3.36256	9903	1162
16	3.77349	4.92452	10227	1162
17	2.44567	3.75727	10437	1162
18	3.36575	4.91586	10726	1180
19	3.54057	4.21612	11030	1237
20	2.72526	6.63477	11264	1263
21	2.99309	6.04404	11521	1310
22	3.88997	4.78801	11855	1374
23	4.2743	4.13526	12222	1442
24	3.3424	3.79809	12509	1442
25	2.76014	7.95985	12746	1442
26	3.12127	4.99726	13014	1442
27	2.17792	14.3114	13201	1442
28	3.85495	3.34969	13532	1442
29	4.30935	13.3691	13902	1442
30	2.73694	4.39791	14137	1442
31	2.78354	8.62495	14376	1442
32	4.01812	3.64151	14721	1445
33	2.66702	5.88324	14950	1445
34	4.78691	7.24625	15361	1445
35	7.53549	5.59068	16008	1445
36	6.23058	569.78	16543	1445
37	8.4082	490.029	17265	1450
38	10.9932	1055.04	18209	1450
39	12.4249	413.779	19276	2106
40	8.40828	475.106	19998	2631
41	4.66932	995.568	20399	2631
42	6.35788	1697.56	20945	2631
43	8.66459	1340.14	21689	2739
44	6.26469	417.353	22227	3512
45	1.65345	1159.79	22369	3629
46	9.24651	1477.67	23163	3629
47	6.57957	1395.97	23728	3769
48	4.98421	1052.62	24156	3861
49	1.72363	667.605	24304	4668
50	7.31366	38.0708	24932	4787
51	10.8306	76.6012	25862	5013
52	6.07849	416.979	26384	5034
53	4.87948	405.329	26803	5093
54	14.5223	303.558	28050	5142
55	23.1168	204.479	30035	5273
56	10.388	410.374	30927	5654
57	6.62633	196.096	31496	5676
58	4.76267	83.7328	31905	5710
59	2.1076	580.893	32086	5712
60	7.49884	36.2567	32730	5724
61	21.4162	43.3924	34569	5884
62	24.617	44.199	36683	5905
63	26.3073	31.8123	38942	5937
64	10.1313	70.9149	39812	6054
65	18.1553	326.723	41371	6066
66	13.8681	82.2323	42562	6313
67	15.14	301.423	43862	6432
68	10.9702	56.7137	44804	6780
69	19.0059	84.0779	46436	6950
70	13.5438	75.3021	47599	6985
71	8.4189	154.442	48322	7124
72	11.1795	141.39	49282	7126
73	26.9481	141.461	51596	8314
74	36.137	62.5326	54699	8874
75	15.6052	456.214	56039	8986
76	2.89979	252.363	56288	9006
77	2.67829	713.471	56518	9006
78	9.66482	428.983	57348	9092
79	21.3446	64.1417	59181	9330
80	36.1373	4.0279	62284	9405
81	11.2972	5.64022	63254	9405
82	14.2784	3.49611	64480	9493
83	16.5006	94.4807	65897	9494
84	11.9474	431.678	66923	9495
85	11.6574	140.428	67924	9508
86	10.4113	98.355	68818	9514
87	11.727	86.4357	69825	9571
88	8.69879	265.195	70572	9598
89	5.25213	839.042	71023	9598
90	1.8631	1123.63	71183	9657
91	2.03805	683.581	71358	9713
92	4.78628	292.529	71769	9722
93	5.4501	191.095	72237	9773
94	3.49369	309.97	72537	9782
95	1.46736	619.731	72663	9789
96	6.1256	51.06	73189	9826
97	8.04635	52.2707	73880	9941
98	8.50123	73.4104	74610	10042
99	10.9116	106.184	75547	10144
100	11.5045	103.323	76535	10288
101	7.65095	167.789	77192	10379
102	8.36191	238.051	77910	10478
103	28.8124	66.7067	80384	10500
104	32.2815	438.681	83156	10528
105	21.1717	382.028	84974	11601
106	11.9363	100.057	85999	13009
107	21.2631	871.523	87825	13009
108	19.1439	1184.5	89469	13009
109	15.743	166.709	90821	15675
110	13.8472	32.1765	92010	15686
111	6.94049	118.658	92606	15842
112	6.41618	133.939	93157	15847
113	14.5104	57.8874	94403	15971
114	10.1666	112.261	95276	15982
115	16.4671	84.2919	96690	16003
116	12.9614	189.503	97803	16023
117	12.7402	88.8982	98897	16057
118	14.8002	64.4608	100168	16075
119	12.0651	151.326	101204	16134
120	12.4148	85.1838	102270	16262
121	24.5716	264.433	104380	16303
122	11.0855	404.778	105332	16782
123	11.4242	87.2225	106313	16828
124	30.428	37.397	108926	16923
125	24.339	56.5993	111016	17233
126	17.8525	73.2832	112549	17326
127	14.6273	56.5384	113805	17381
128	15.5575	156.643	115141	17400
129	19.6215	53.4362	116826	18065
130	21.6492	33.0639	118685	18067
131	13.5671	354.324	119850	18270
132	13.9054	100.081	121044	18450
133	19.6119	653.877	122728	18454
134	15.3957	75.3096	124050	19258
135	17.037	27.7019	125513	19430
136	20.8924	66.1618	127307	19463
137	14.2435	6.14271	128530	19590
138	8.97976	3.32658	129301	19590
139	6.35928	4.56508	129847	19590
140	4.75167	3.72831	130255	19590
141	4.12291	5.14539	130609	19590
142	4.41405	3.56094	130988	19625
143	5.61367	5.65902	131470	19625
144	3.30764	4.30067	131754	19626
145	3.56384	10.9017	132060	19626
146	4.47225	5.26045	132444	19627
147	3.45887	4.05475	132741	19627
148	3.40081	4.03337	133033	19627
149	2.98152	5.31874	133289	19627
150	2.79516	6.63871	133529	19627
151	2.43413	11.4539	133738	19627
152	2.58552	4.06381	133960	19628
153	2.25944	5.85956	134154	19644
154	4.83324	7.61435	134569	19644
155	4.37912	3.95121	134945	19644
156	4.75198	5.09214	135353	19644
157	9.78328	3.6008	136193	19644
158	12.7057	8.53815	137284	19644
159	15.0933	130.554	138580	19732
160	17.2944	3.3001	140065	19734
161	12.5894	10.7885	141146	19734
162	5.70685	5.99614	141636	19734
163	4.71668	6.60856	142041	19734
164	2.28273	6.347	142237	19734
165	2.38756	4.24807	142442	19734
166	2.18956	4.82538	142630	19734
167	3.21447	5.08485	142906	19734
168	4.3324	3.73921	143278	19734
169	7.05776	5.54787	143884	19736
170	7.91969	3.93582	144564	19736
171	8.61849	7.59624	145304	19736
172	7.33728	5.41881	145934	19736
173	4.76336	5.47893	146343	19739
174	2.59718	4.22562	146566	19739
175	3.21435	4.79567	146842	19740
176	4.16945	4.33645	147200	19740
177	6.26585	3.40793	147738	19740
178	6.98793	14.7881	148338	19789
179	8.502	13.841	149068	19840
180	7.22084	10.9005	149688	19840
181	8.40864	3.42503	150410	19860
182	8.60679	3.83481	151149	19875
183	8.0711	15.4963	151842	19929
184	7.83809	5.57543	152515	19932
185	5.01955	4.77962	152946	19932
186	7.96624	4.41306	153630	19932
187	8.88583	5.33057	154393	19937
188	8.72299	5.56391	155142	19937
189	7.32568	5.17817	155771	19937
190	6.0795	5.60049	156293	19937
191	4.04134	13.6348	156640	19977
192	5.40401	5.23318	157104	20018
193	4.34415	3.68853	157477	20018
194	4.29748	8.49736	157846	20018
195	5.35747	4.38352	158306	20018
196	7.13925	55.3247	158919	20019
197	7.41915	7.24918	159556	20019
198	6.49901	4.77968	160114	20019
199	7.52362	8.7592	160760	20019
200	8.11763	176.213	161457	20117
201	9.3518	9.48962	162260	20237
202	7.88477	3.70583	162937	20239
203	9.02606	3.47994	163712	20245
204	6.11439	3.28093	164237	20245
205	5.71845	7.31092	164728	20245
206	7.57025	3.91262	165378	20245
207	10.4351	2.88534	166274	20246
208	16.2585	6.27358	167670	20247
209	14.4762	52.4007	168913	20258
210	17.632	9.69665	170427	20258
211	5.19423	3.3416	170873	20258
212	3.15623	5.06112	171144	20258
213	2.06149	9.13247	171321	20258
214	2.34089	10.52	171522	20298
215	3.29597	5.57852	171805	20299
216	4.76344	10.3156	172214	20299
217	3.10963	6.74031	172481	20301
218	2.60882	6.15843	172705	20301
219	2.63213	6.06367	172931	20301
220	2.18952	8.03377	173119	20301
221	2.04974	5.64956	173295	20301
222	3.69195	13.7409	173612	20301
223	2.43412	5.73709	173821	20301
224	3.19115	6.36313	174095	20301
225	2.87671	5.0346	174342	20301
226	2.2012	8.93038	174531	20315
227	2.27107	5.40454	174726	20315
228	4.49556	7.83739	175112	20315
229	7.33705	5.63416	175742	20319
230	7.12749	15.1842	176354	20319
231	5.33409	4.96397	176812	20319
232	3.47036	4.12254	177110	20319
233	3.31924	3.7835	177395	20319
234	3.30763	62.9494	177679	20320
235	7.83797	5.15165	178352	20320
236	6.97602	6.81723	178951	20326
237	7.86161	3.9341	179626	20326
238	7.31402	3.51859	180254	20326
239	9.74813	4.58658	181091	20326
240	9.07239	3.80143	181870	20327
241	9.701	3.59649	182703	20333
242	12.3328	5.87061	183762	20334
243	9.72482	4.72166	184597	20335
244	8.75817	4.64302	185349	20335
245	6.3124	4.9608	185891	20336
246	5.68352	5.64695	186379	20336
247	6.2424	3.50232	186915	20336
248	8.30398	6.91732	187628	20336
249	7.03428	13.8366	188232	20336
250	9.68969	10.3679	189064	20336
251	8.56055	6.96568	189799	20384
252	10.2024	4.51976	190675	20384
253	13.1132	142.126	191801	20385
254	11.5644	3.85368	192794	20387
255	8.99114	4.63044	193566	20389
256	7.94278	12.2186	194248	20389
257	10.1788	8.50512	195122	20389
258	3.83142	289.894	195451	20455
259	0.8734	1301.17	195526	20455
260	1.58361	944.989	195662	20459
261	0.489071	1213.28	195704	20466
262	1.01316	1192.55	195791	20466
263	2.94597	198.393	196044	20543
264	8.74565	44.8681	196795	20594
265	27.6235	87.477	199167	20813
266	19.6113	37.1076	200851	20852
267	10.493	84.3448	201752	20931
268	8.23411	3.59671	202459	20950
269	8.78138	4.30832	203213	20967
270	8.94489	9.10254	203981	20999
271	6.96424	3.78746	204579	21046
272	8.37388	4.01258	205298	21095
273	15.3617	9.68568	206617	21138
274	11.7863	4.26465	207629	21206
275	15.5598	6.09659	208965	21369
276	23.0481	7.72364	210944	21421
277	12.3453	23.1636	212004	21566
278	13.473	34.2206	213161	21837
279	3.98287	240.306	213503	21837
280	15.0112	40.8588	214792	21988
281	20.6943	127.435	216569	22012
282	6.97632	165.061	217168	22054
283	16.6667	42.4537	218599	22290
284	14.9769	41.5381	219885	22412
285	12.6464	71.6693	220971	22435
286	9.77112	98.2073	221810	22481
287	7.77845	86.6702	222478	22517
288	20.6009	73.3925	224247	22732
289	25.3176	27.8388	226421	22744
290	30.3695	32.38	229029	22879
291	26.3995	338.807	231296	23130
292	23.5097	35.1396	233315	23168
293	42.1434	30.9287	236934	23221
294	21.5443	60.8834	238784	23297
295	20.2166	41.947	240520	23359
296	23.1998	19.6039	242512	23402
297	19.4031	253.666	244178	23564
298	29.5114	55.279	246712	23597
299	20.4851	84.5562	248471	23655
300	23.6522	52.3927	250502	23830
301	14.4287	75.9623	251741	23913
302	14.965	151.909	253026	23963
303	12.2872	8.24723	254081	24166
304	10.8779	19.1558	255015	24302
305	9.1306	3.20845	255799	24379
306	8.45534	19.2109	256525	24525
307	8.4789	5.01448	257253	24608
308	10.7962	6.89727	258180	24644
309	9.04946	6.21342	258957	24661
310	8.00109	7.35697	259644	24776
311	7.50044	66.8119	260288	24906
312	9.09581	3.75717	261069	24938
313	8.57162	10.3951	261805	24998
314	9.9811	4.88608	262662	25058
315	9.85294	4.08853	263508	25151
316	9.66643	6.60161	264338	25245
317	8.24601	7.68663	265046	25277
318	6.97613	187.195	265645	25348
319	2.02647	590.256	265819	25436
320	5.67159	219.631	266306	25437
321	19.4826	386.824	267979	25443
322	12.624	148.51	269063	26252
323	8.73483	7.16039	269813	26305
324	7.68636	549.652	270473	26348
325	8.24532	172.585	271181	26434
326	8.36228	15.857	271899	26452
327	12.6021	4.06636	272981	26453
328	8.57185	13.1813	273717	26453
329	5.63692	3.76513	274201	26453
330	4.37908	9.62837	274577	26453
331	6.6854	4.22875	275151	26453
332	8.02469	4.41785	275840	26470
333	6.61525	4.29083	276408	26470
334	5.00789	4.95834	276838	26470
335	5.69533	3.04044	277327	26471
336	5.00801	6.44299	277757	26471
337	3.10956	3.6372	278024	26471
338	2.09588	4.11705	278204	26471
339	1.58328	4.83057	278340	26471
340	4.22759	3.96634	278703	26471
341	2.8301	47.0218	278946	26473
342	2.0498	49.2051	279122	26473
343	2.11967	7.33195	279304	26473
344	2.22447	4.17352	279495	26473
345	3.15635	6.52545	279766	26473
346	5.66012	3.90185	280252	26473
347	6.16089	5.31752	280781	26473
348	6.25423	4.31421	281318	26473
349	6.82479	12.8211	281904	26473
350	8.09403	4.3226	282599	26473
351	8.03628	15.2483	283289	26478
352	6.69678	5.36816	283864	26478
353	3.08628	3.71408	284129	26478
354	3.06308	5.96959	284392	26478
355	2.46905	6.41903	284604	26478
356	2.38748	5.79823	284809	26478
357	6.20747	3.13007	285342	26478
358	6.26585	3.88038	285880	26478
359	7.09276	4.25208	286489	26478
360	5.2526	5.62893	286940	26478
361	3.86666	6.07793	287272	26478
362	3.93653	6.2694	287610	26480
363	5.8348	10.9216	288111	26482
364	6.00955	4.20129	288627	26486
365	7.44203	7.45095	289266	26545
366	10.5751	5.90193	290174	26548
367	10.7262	104.868	291095	26555
368	9.44475	8.17121	291906	26556
369	6.12602	5.78208	292432	26556
370	7.81488	6.01957	293103	26644
371	7.72173	9.17457	293766	26644
372	7.87302	5.56714	294442	26644
373	5.78819	4.84259	294939	26644
374	4.72838	6.47524	295345	26644
375	4.02964	4.75164	295691	26645
376	6.32433	6.44451	296234	26645
377	6.65022	4.45415	296805	26645
378	4.68192	5.03668	297207	26647
379	3.31935	5.30164	297492	26647
380	2.13132	4.26075	297675	26647
381	2.34096	12.6439	297876	26647
382	2.18951	14.9412	298064	26647
383	2.23622	24.0529	298256	26647
384	2.14305	53.5754	298440	26647
385	2.66651	11.4578	298669	26647
386	3.56375	32.9661	298975	26647
387	3.29598	17.2531	299258	26647
388	3.15623	12.0514	299529	26647
389	4.11122	29.8676	299882	26647
390	5.69517	12.54	300371	26647
391	6.51027	8.19032	300930	26647
392	6.53354	15.1957	301491	26689
393	5.80834	12.2721	301990	26748
394	5.85821	72.4546	302493	26748
395	5.5554	29.1013	302970	26748
396	6.25406	10.5231	303507	26748
397	6.35873	7.78151	304053	26748
398	5.93974	24.5828	304563	26748
399	5.77693	8.27203	305059	26748
400	6.53347	4.84425	305620	26748
401	5.95135	23.108	306131	26750
402	4.87975	10.037	306550	26750
403	4.60014	129.62	306945	26750
404	4.7984	23.2705	307357	26750
405	5.21754	33.6175	307805	26750
406	4.86848	195.173	308223	26750
407	4.83309	17.7453	308638	26751
408	4.50738	22.5822	309025	26751
409	4.47217	165.576	309409	26754
410	5.89317	35.7676	309915	26754
411	6.75508	27.0641	310495	26754
412	5.98633	8.52189	311009	26754
413	6.56858	21.6432	311573	26754
414	4.6459	938.927	311972	26754
415	8.2337	578.291	312679	26756
416	7.7679	35.4091	313346	27163
417	6.75502	3.64215	313926	27163
418	7.68673	77.2417	314586	27216
419	5.04291	12.0751	315019	27216
420	3.3542	6.75521	315307	27216
421	4.64687	8.52079	315706	27216
422	7.29072	16.6727	316332	27216
423	8.1756	4.37428	317034	27216
424	16.8401	97.1093	318480	27216
425	8.85063	41.5939	319240	27325
426	31.443	164.101	321940	27335
427	24.7467	224.926	324065	27491
428	19.355	1200.75	325727	27491
429	19.6677	66.1828	327416	29429
430	27.1812	13.7743	329750	29597
431	21.848	68.3737	331626	29753
432	23.5252	347.699	333646	29946
433	9.18838	178.117	334435	30056
434	16.6999	274.938	335869	30454
435	17.8296	36.1708	337400	30792
436	19.3067	158.159	339058	30984
437	31.8738	349.861	341795	31704
438	30.9739	89.3055	344455	34771
439	27.9372	150.258	346854	34966
440	9.80562	869.912	347696	34966
441	13.5439	455.818	348859	35704
442	16.0592	622.978	350238	35963
443	15.1281	740.484	351537	35991
444	27.1818	41.3178	353871	38708
445	26.3891	185.695	356137	38853
446	27.6236	27.1624	358509	40514
447	24.4561	135.337	360609	40524
448	14.7796	265.579	361878	40526
449	25.2125	88.8916	364043	41367
450	28.0313	335.14	366450	41782
451	20.5674	142.408	368216	42893
452	21.5218	249.065	370064	42907
453	24.4573	52.0859	372164	43056
454	23.8509	50.0634	374212	43309
455	23.5255	57.3029	376232	43348
456	19.7049	46.6395	377924	43356
457	24.2926	325.759	380010	43418
458	17.4218	49.7458	381506	43949
459	16.8629	38.8062	382954	44024
460	18.8191	98.8716	384570	44260
461	10.9469	308.418	385510	44270
462	19.2849	68.1594	387166	44324
463	18.3766	59.0003	388744	44585
464	14.8369	216.183	390018	44603
465	15.2079	370.535	391324	44897
466	21.9284	481.062	393207	45328
467	12.7404	97.1621	394301	46395
468	19.4603	21.0187	395972	46859
469	12.3104	5.80199	397029	46949
470	8.12921	3.7156	397727	46953
471	5.49718	4.3105	398199	46953
472	4.04129	6.04211	398546	46953
473	4.15789	4.12238	398903	46953
474	4.25116	5.01882	399268	46953
475	2.39916	6.50955	399474	46953
476	3.19118	4.85462	399748	46953
477	2.22451	6.36368	399939	46956
478	4.0297	3.29562	400285	46956
479	4.57711	3.91392	400678	46956
480	5.77673	10.0025	401174	46956
481	7.16259	6.39156	401789	46956
482	10.5634	5.60871	402696	46956
483	7.52346	3.86806	403342	46956
484	6.26583	4.44405	403880	46956
485	8.72323	9.02342	404629	46956
486	4.87991	5.21258	405048	46956
487	2.42248	4.17278	405256	46956
488	3.06303	4.3179	405519	46956
489	2.11967	8.66124	405701	46956
490	2.31765	26.1046	405900	46956
491	3.69194	7.18843	406217	46956
492	5.32244	16.0213	406674	46956
493	5.47374	258.416	407144	46965
494	3.06282	330.195	407407	46974
495	3.34246	306.478	407694	46977
496	15.221	3.87356	409001	47007
497	5.85822	10.0384	409504	47007
498	5.28753	12.6422	409958	47105
499	4.78674	5.14563	410369	47169
500	2.42249	9.72794	410577	47184
501	3.29594	5.4152	410860	47189
502	4.27412	6.32073	411227	47223
503	3.02791	5.26109	411487	47243
504	2.62046	5.04164	411712	47243
505	2.46895	4.95336	411924	47243
506	2.18954	5.20755	412112	47243
507	2.01484	11.6596	412285	47255
508	2.38753	5.3709	412490	47273
509	3.31912	7.91533	412775	47336
510	4.81001	7.34458	413188	47336
511	3.54057	16.2213	413492	47345
512	3.37741	5.94868	413782	47345
513	4.13455	4.72352	414137	47392
514	4.80991	110.397	414550	47406
515	4.90321	27.2862	414971	47461
516	4.55381	11.1016	415362	47461
517	5.68376	18.5259	415850	47497
518	6.34739	4.77422	416395	47497
519	5.98636	11.1946	416909	47589
520	6.96469	11.4344	417507	47694
521	8.72329	28.2819	418256	47694
522	10.1791	7.02297	419130	47771
523	10.086	46.7033	419996	47791
524	10.3657	8.29608	420886	47809
525	13.2536	67.6722	422024	47866
526	11.9722	9.13552	423052	47885
527	10.9362	10.1647	423991	48028
528	8.83979	131.061	424750	48037
529	7.03431	170.296	425354	48086
530	5.2173	176.176	425802	48135
531	2.42225	352.223	426010	48193
532	4.34407	724.047	426383	48193
533	3.14443	1063.14	426653	48213
534	12.8452	1797.1	427756	48213
535	14.5222	488.626	429003	49437
536	15.943	846.648	430372	49935
537	9.16547	11.7837	431159	51446
538	5.90485	19.5791	431666	51466
539	5.24098	6.67862	432116	51466
540	6.24261	13.6358	432652	51494
541	2.83013	17.5648	432895	51494
542	2.32936	11.525	433095	51497
543	2.30604	12.3043	433293	51497
544	3.09804	4.67835	433559	51497
545	2.50403	5.8016	433774	51497
546	3.63374	6.03658	434086	51497
547	7.47716	5.1777	434728	51498
548	14.6981	5.62639	435990	51498
549	9.98119	7.68781	436847	51502
550	8.04783	4.88916	437538	51502
551	7.73338	7.93961	438202	51504
552	6.58038	6.37347	438767	51544
553	6.67353	38.2052	439340	51553
554	6.83682	4.56565	439927	51553
555	4.91488	13.6533	440349	51554
556	2.59718	16.1077	440572	51554
557	3.28434	14.3215	440854	51572
558	3.52894	29.2633	441157	51602
559	5.21768	7.29952	441605	51645
560	5.46229	4.25222	442074	51691
561	5.14782	4.88906	442516	51766
562	5.47395	5.40039	442986	51766
563	4.01811	4.15874	443331	51766
564	3.00488	4.76076	443589	51766
565	2.55063	6.04811	443808	51766
566	2.52733	9.75377	444025	51786
567	2.17793	161.838	444212	51786
568	2.08475	107.334	444391	51799
569	2.16628	21.4268	444577	51819
570	3.09802	11.7499	444843	51846
571	4.68184	11.0708	445245	51891
572	4.60043	5.28191	445640	51891
573	5.53216	7.56234	446115	51891
574	6.6153	15.0588	446683	51891
575	7.0928	16.0631	447292	51892
576	8.0711	37.3609	447985	51892
577	8.72335	5.12997	448734	51894
578	9.88798	8.26449	449583	51894
579	9.44549	31.3335	450394	51896
580	6.25408	123.756	450931	51965
581	4.83319	479.964	451346	52105
582	3.93631	784.091	451684	52105
583	9.43292	1044.89	452494	52106
584	20.3913	596.47	454245	52395
585	11.7391	533.179	455253	53740
586	5.42718	265.526	455719	54318
587	7.48823	278.615	456362	54335
588	2.28267	848.143	456558	54335
589	15.2906	933.106	457871	54337
590	11.2963	485.888	458841	55199
591	13.334	832.652	459986	55332
592	9.50354	942.862	460802	55491
593	8.85155	6.46662	461562	56604
594	7.46552	319.976	462203	56658
595	6.52214	28.5405	462763	56658
596	6.42898	10.9215	463315	56658
597	6.5338	5.62487	463876	56658
598	5.38077	18.7537	464338	56658
599	5.41568	10.8349	464803	56658
600	8.43244	7.44708	465527	56660
601	10.4937	7.15669	466428	56661
602	7.19761	24.3536	467046	56665
603	3.88999	5.84644	467380	56665
604	4.74018	17.4547	467787	56665
605	4.20444	10.4498	468148	56675
606	4.01824	3.96737	468493	56675
607	7.18598	7.9342	469110	56677
608	7.75663	108.073	469776	56703
609	7.58194	15.8725	470427	56704
610	8.88672	415.872	471190	56705
611	9.02616	45.0389	471965	56756
612	9.63179	8.80873	472792	56973
613	11.4374	6.26035	473774	57100
614	11.4603	4.54166	474758	57100
615	8.22256	4.69762	475464	57100
616	5.34599	3.92779	475923	57100
617	4.8334	4.50743	476338	57100
618	6.2892	4.97303	476878	57100
619	6.1961	3.96313	477410	57103
620	6.54546	14.793	477972	57103
621	6.60362	4.77069	478539	57103
622	6.96472	11.6514	479137	57103
623	8.3273	3.93129	479852	57103
624	9.98116	4.81924	480709	57104
625	7.88478	4.29773	481386	57104
626	7.12775	7.52137	481998	57106
627	6.4406	4.60847	482551	57106
628	6.18448	268.903	483082	57106
629	3.00477	609.078	483340	57151
630	1.07142	595.589	483432	57168
631	5.98593	310.626	483946	57195
632	3.79648	934.264	484272	57195
633	8.02398	1147.3	484961	57198
634	12.0302	100.322	485994	58523
635	5.40403	5.46004	486458	58523
636	4.5305	29.1902	486847	58523
637	5.1594	43.145	487290	58523
638	6.32435	408.301	487833	58523
639	6.74342	414.699	488412	58523
640	6.49882	403.796	488970	58523
