Bytes_written    Bytes_read    Elapsed_time    start_time
>100005    14444    -176.187    1.5914e+12    
>100005    101453    -424.776    1.5914e+12    
>100005    201453    597.495    1.5914e+12    
>100005    301453    -384.249    1.5914e+12    
>100005    401453    -211.832    1.5914e+12    
>100005    501453    -49.27    1.5914e+12    
>100005    601453    639.65    1.5914e+12    
>100005    701453    -272.491    1.5914e+12    
>100005    801453    -101.329    1.5914e+12    
>100005    901453    -173.217    1.5914e+12    
>100005    1001453    598.874    1.5914e+12    
>100005    1101453    -388.087    1.5914e+12    
>100005    1201453    381.177    1.5914e+12    
>100005    1301453    -164.051    1.5914e+12    
>100005    1401453    128347    1.5914e+12    
>100005    1501453    -886.242    1.5914e+12    
>100005    1601453    620.984    1.5914e+12    
>100005    1701453    -392.364    1.5914e+12    
>100005    1801453    -149.104    1.5914e+12    
>100005    1901453    569.212    1.5914e+12    
>100005    2001453    -513.675    1.5914e+12    
>100005    2101453    760.5    1.5914e+12    
>100005    2201453    -665.426    1.5914e+12    
>100005    2301453    473.024    1.5914e+12    
>100005    2401453    -405.049    1.5914e+12    
>100005    2501453    560.409    1.5914e+12    
>100005    2601453    -469.379    1.5914e+12    
>100005    2701453    -181.497    1.5914e+12    
>100005    2801453    -31.094    1.5914e+12    
>100005    2901453    267.63    1.5914e+12    
>100005    3001453    -441.551    1.5914e+12    
>100005    3101453    531.692    1.5914e+12    
>100005    3201453    52.5811    1.5914e+12    
>100005    3301453    108.992    1.5914e+12    
>100005    3401453    -464.779    1.5914e+12    
>100005    3501453    522.169    1.5914e+12    
>100005    3601453    -506.439    1.5914e+12    
>100005    3701453    474.918    1.5914e+12    
>100005    3801453    -504.747    1.5914e+12    
>100005    3901453    516.834    1.5914e+12    
>100005    4001453    -478.877    1.5914e+12    
>100005    4101453    498.885    1.5914e+12    
>100005    4201453    -394.262    1.5914e+12    
>100005    4301453    488.506    1.5914e+12    
>100005    4401453    -542.71    1.5914e+12    
>100005    4501453    472.768    1.5914e+12    
>100005    4601453    -457.634    1.5914e+12    
>100005    4701453    588.171    1.5914e+12    
>100005    4801453    -394.555    1.5914e+12    
>100005    4900245    -528.702    1.5914e+12    
>100005    5000245    460.991    1.5914e+12    
>100005    5100245    457.037    1.5914e+12    
>100005    5200245    -493.332    1.5914e+12    
>100005    5300245    450.648    1.5914e+12    
>100005    5400245    -539.455    1.5914e+12    
>100005    5500245    464.536    1.5914e+12    
>100005    5600245    -539.759    1.5914e+12    
>100005    5700245    507.27    1.5914e+12    
>100005    5800245    -534.988    1.5914e+12    
>100005    5900245    466.199    1.5914e+12    
>100005    6000245    -538.324    1.5914e+12    
>100005    6100245    469.342    1.5914e+12    
>100005    6200245    -526.493    1.5914e+12    
>100005    6300245    491.728    1.5914e+12    
>100005    6400245    -509.744    1.5914e+12    
>100005    6500245    459.386    1.5914e+12    
>100005    6600245    -493.044    1.5914e+12    
>100005    6700245    498.199    1.5914e+12    
>100005    6775631    -240.602    1.5914e+12    
>100005    6875631    200.666    1.5914e+12    
>100005    6975631    -552.267    1.5914e+12    
>100005    7075631    438.746    1.5914e+12    
>100005    7175631    546.857    1.5914e+12    
>100005    7275631    -573.041    1.5914e+12    
>100005    7375631    475.992    1.5914e+12    
>100005    7475631    127416    1.5914e+12    
>100005    7575631    449.127    1.5914e+12    
>100005    7675631    -544.013    1.5914e+12    
>100005    7775631    460.786    1.5914e+12    
>100005    7875631    -497.595    1.5914e+12    
>100005    7975631    450.095    1.5914e+12    
>100005    8075631    -535.027    1.5914e+12    
>100005    8175631    478.532    1.5914e+12    
>100005    8275631    -529.971    1.5914e+12    
>100005    8375631    455.118    1.5914e+12    
>100005    8475631    394.913    1.5914e+12    
>100005    8575631    -471.218    1.5914e+12    
>100005    8675631    450.138    1.5914e+12    
>100005    8775631    -519.615    1.5914e+12    
>100005    8875631    441.018    1.5914e+12    
>100005    8975631    -516.697    1.5914e+12    
>100005    9075631    468.225    1.5914e+12    
>100005    9175631    -539.336    1.5914e+12    
>100005    9275631    476.9    1.5914e+12    
>100005    9375631    -506.447    1.5914e+12    
>100005    9475631    481.079    1.5914e+12    
>100005    9575631    -535.785    1.5914e+12    
>100005    9674328    512.494    1.5914e+12    
>100005    9774328    -537.983    1.5914e+12    
>100005    9874328    457.477    1.5914e+12    
>100005    9974328    -541.228    1.5914e+12    
>100005    10074328    528.503    1.5914e+12    
>100005    10174328    -538.835    1.5914e+12    
>100005    10274328    440.264    1.5914e+12    
>100005    10374328    477.679    1.5914e+12    
>100005    10438168    -475.144    1.5914e+12    
>100005    10476844    282.038    1.5914e+12    
>100005    10517332    -23.9089    1.5914e+12    
>100005    10617332    -505.524    1.5914e+12    
>100005    10717332    494.275    1.5914e+12    
>100005    10817332    -461.762    1.5914e+12    
>100005    10917332    460.363    1.5914e+12    
>100005    11017332    -473.132    1.5914e+12    
>100005    11117332    462.057    1.5914e+12    
>100005    11217332    -512.332    1.5914e+12    
>100005    11317332    456.208    1.5914e+12    
>100005    11417332    -527.734    1.5914e+12    
>100005    11517332    459.12    1.5914e+12    
>100005    11617332    -543.004    1.5914e+12    
>100005    11717332    464.108    1.5914e+12    
>100005    11817332    457.036    1.5914e+12    
>100005    11917332    -516.369    1.5914e+12    
>100005    12017332    450.557    1.5914e+12    
>100005    12117332    -560.54    1.5914e+12    
>100005    12217332    456.492    1.5914e+12    
>100005    12317332    -497.987    1.5914e+12    
>100005    12417332    462.554    1.5914e+12    
>100005    12517332    -472.996    1.5914e+12    
>100005    12617332    456.023    1.5914e+12    
>100005    12717332    -464.437    1.5914e+12    
>100005    12817332    511.575    1.5914e+12    
>100005    12906437    -499.452    1.5914e+12    
>100005    12986077    360.17    1.5914e+12    
>100005    13086077    -543.421    1.5914e+12    
>100005    13186077    487.532    1.5914e+12    
>100005    13286077    -559.427    1.5914e+12    
>100005    13386077    512.081    1.5914e+12    
>100005    13406450    -457.758    1.5914e+12    
>100005    13407898    499.024    1.5914e+12    
>100005    13484634    -585.599    1.5914e+12    
>100005    13584634    537.312    1.5914e+12    
>100005    13684634    430.544    1.5914e+12    
>100005    13784634    -515.061    1.5914e+12    
>100005    13884634    476.944    1.5914e+12    
>100005    13984634    -569.236    1.5914e+12    
>100005    14084634    429.695    1.5914e+12    
>100005    14184634    127458    1.5914e+12    
>100005    14284634    448.443    1.5914e+12    
>100005    14384634    -535.927    1.5914e+12    
>100005    14484634    435.52    1.5914e+12    
>100005    14584634    -522.941    1.5914e+12    
>100005    14684634    458.364    1.5914e+12    
>100005    14784634    -542.1    1.5914e+12    
>100005    14884634    490.935    1.5914e+12    
>100005    14984634    456.369    1.5914e+12    
>100005    15084634    -494.436    1.5914e+12    
>100005    15184634    475.932    1.5914e+12    
>100005    15284634    -535.993    1.5914e+12    
>100005    15384634    437.836    1.5914e+12    
>100005    15484634    -513.004    1.5914e+12    
>100005    15584634    469.602    1.5914e+12    
>100005    15684634    -387.222    1.5914e+12    
>100005    15784634    425.763    1.5914e+12    
>100005    15884634    -541.274    1.5914e+12    
>100005    15984634    570.942    1.5914e+12    
>100005    16084634    -545.929    1.5914e+12    
>100005    16184634    453.117    1.5914e+12    
>100005    16284634    -554.717    1.5914e+12    
>100005    16384634    -142.335    1.5914e+12    
>100005    16484634    431.993    1.5914e+12    
>100005    16584634    -530.909    1.5914e+12    
>100005    16684634    442.314    1.5914e+12    
>100005    16784634    476.516    1.5914e+12    
>100005    16884634    -516.846    1.5914e+12    
>100005    16984634    479.31    1.5914e+12    
>100005    17084634    -483.366    1.5914e+12    
>100005    17184634    464.66    1.5914e+12    
>100005    17284634    -543.502    1.5914e+12    
>100005    17384634    429.108    1.5914e+12    
>100005    17484634    -520.278    1.5914e+12    
>100005    17584634    446.916    1.5914e+12    
>100005    17684634    -476.467    1.5914e+12    
>100005    17784634    490.398    1.5914e+12    
>100005    17884634    -534.896    1.5914e+12    
>100005    17984634    440.225    1.5914e+12    
>100005    18084634    -549.506    1.5914e+12    
>100005    18184634    220.846    1.5914e+12    
>100005    18284634    449.927    1.5914e+12    
>100005    18384634    -535.519    1.5914e+12    
>100005    18484634    455.219    1.5914e+12    
>100005    18584634    -646.355    1.5914e+12    
>100005    18684634    613.82    1.5914e+12    
>100005    18784634    -443.854    1.5914e+12    
>100005    18884634    482.495    1.5914e+12    
>100005    18984634    -552.79    1.5914e+12    
>100005    19084634    461.199    1.5914e+12    
>100005    19184634    -516.168    1.5914e+12    
>100005    19284634    450.26    1.5914e+12    
>100005    19384634    456.885    1.5914e+12    
>100005    19484634    -549.508    1.5914e+12    
>100005    19584634    495.39    1.5914e+12    
>100005    19684634    -484.23    1.5914e+12    
>100005    19784634    463.131    1.5914e+12    
>100005    19884634    -505.794    1.5914e+12    
>100005    19984634    478.732    1.5914e+12    
>100005    20084634    -539.111    1.5914e+12    
>100005    20184634    436.693    1.5914e+12    
>100005    20284634    -542.249    1.5914e+12    
>100005    20384634    490.528    1.5914e+12    
>100005    20484634    -520.991    1.5914e+12    
>100005    20584634    448.964    1.5914e+12    
>100005    20684634    -541.697    1.5914e+12    
>100005    20784634    478.498    1.5914e+12    
>100005    20884634    -545.784    1.5914e+12    
>100005    20984634    496.395    1.5914e+12    
>100005    21084634    -532.304    1.5914e+12    
>100005    21184634    462.854    1.5914e+12    
>100005    21284634    461.574    1.5914e+12    
>100005    21384634    -587.149    1.5914e+12    
>100005    21484634    445.591    1.5914e+12    
>100005    21584634    -389.507    1.5914e+12    
>100005    21684634    507.867    1.5914e+12    
>100005    21784634    -562.341    1.5914e+12    
>100005    21884634    552.066    1.5914e+12    
>100005    21984634    -496.206    1.5914e+12    
>100005    22084634    461.783    1.5914e+12    
>100005    22184634    -548.596    1.5914e+12    
>100005    22284634    468.524    1.5914e+12    
>100005    22384634    -527.498    1.5914e+12    
>100005    22484634    499.049    1.5914e+12    
>100005    22584634    -522.937    1.5914e+12    
>100005    22684634    450.726    1.5914e+12    
>100005    22784634    -479.094    1.5914e+12    
>100005    22884634    470.979    1.5914e+12    
>100005    22984634    -523.104    1.5914e+12    
>100005    23084634    451.141    1.5914e+12    
>100005    23184634    -495.426    1.5914e+12    
>100005    23284634    464.672    1.5914e+12    
>100005    23384634    -555.471    1.5914e+12    
>100005    23484634    525.074    1.5914e+12    
>100005    23584634    -517.27    1.5914e+12    
>100005    23684634    536.913    1.5914e+12    
>100005    23784634    -560.695    1.5914e+12    
>100005    23884634    455.467    1.5914e+12    
>100005    23984634    -442.516    1.5914e+12    
>100005    24084634    519.033    1.5914e+12    
>100005    24184634    -539.697    1.5914e+12    
>100005    24284634    138.52    1.5914e+12    
>100005    24384634    538.08    1.5914e+12    
>100005    24484634    -526.511    1.5914e+12    
>100005    24584634    455.174    1.5914e+12    
>100005    24684634    -547.51    1.5914e+12    
>100005    24784634    445.986    1.5914e+12    
>100005    24884634    450.567    1.5914e+12    
>100005    24984634    -546.446    1.5914e+12    
>100005    25084634    472.532    1.5914e+12    
>100005    25184634    -598.159    1.5914e+12    
>100005    25284634    438.119    1.5914e+12    
>100005    25384634    -481.267    1.5914e+12    
>100005    25484634    454.995    1.5914e+12    
>100005    25584634    -539.589    1.5914e+12    
>100005    25684634    458.643    1.5914e+12    
>100005    25784634    -549.779    1.5914e+12    
>100005    25884634    462.3    1.5914e+12    
>100005    25984634    -494.606    1.5914e+12    
>100005    26084634    467.655    1.5914e+12    
>100005    26184634    403.664    1.5914e+12    
>100005    26284634    -550.677    1.5914e+12    
>100005    26384634    457.716    1.5914e+12    
>100005    26484634    -546.757    1.5914e+12    
>100005    26584634    497.034    1.5914e+12    
>100005    26684634    -521.665    1.5914e+12    
>100005    26784634    460.037    1.5914e+12    
>100005    26884634    -530.402    1.5914e+12    
>100005    26984634    455.469    1.5914e+12    
>100005    27084634    -500.818    1.5914e+12    
>100005    27184634    461.071    1.5914e+12    
>100005    27284634    -530.073    1.5914e+12    
>100005    27384634    479.38    1.5914e+12    
>100005    27484634    -561.675    1.5914e+12    
>100005    27584634    527.883    1.5914e+12    
>100005    27684634    -536.472    1.5914e+12    
>100005    27784634    486.978    1.5914e+12    
>100005    27884634    477.948    1.5914e+12    
>100005    27984634    -544.959    1.5914e+12    
>100005    28084634    477.213    1.5914e+12    
>100005    28184634    -527.581    1.5914e+12    
>100005    28284634    469.45    1.5914e+12    
>100005    28384634    -539.159    1.5914e+12    
>100005    28484634    471.179    1.5914e+12    
>100005    28584634    -471.799    1.5914e+12    
>100005    28684634    447.078    1.5914e+12    
>100005    28784634    -525.473    1.5914e+12    
>100005    28884634    455.081    1.5914e+12    
>100005    28984634    -520.992    1.5914e+12    
>100005    29084634    446.905    1.5914e+12    
>100005    29184634    -545.749    1.5914e+12    
>100005    29284634    440.892    1.5914e+12    
>100005    29384634    -505.056    1.5914e+12    
>100005    29484634    507.352    1.5914e+12    
>100005    29584634    447.074    1.5914e+12    
>100005    29684634    -531.221    1.5914e+12    
>100005    29784634    466.21    1.5914e+12    
>100005    29884634    -568.813    1.5914e+12    
>100005    29984634    473.686    1.5914e+12    
>100005    30084634    -533.583    1.5914e+12    
>100005    30184634    452.797    1.5914e+12    
>100005    30284634    -537.534    1.5914e+12    
>100005    30384634    463.988    1.5914e+12    
>100005    30484634    -564.511    1.5914e+12    
>100005    30584634    482.95    1.5914e+12    
>100005    30684634    -550.559    1.5914e+12    
>100005    30784634    404.34    1.5914e+12    
>100005    30884634    454.824    1.5914e+12    
>100005    30984634    127463    1.5914e+12    
>100005    31084634    491.645    1.5914e+12    
>100005    31184634    -521.396    1.5914e+12    
>100005    31284634    134.525    1.5914e+12    
>100005    31384634    462.722    1.5914e+12    
>100005    31484634    -523.71    1.5914e+12    
>100005    31584634    555.405    1.5914e+12    
>100005    31684634    -674.743    1.5914e+12    
>100005    31784634    573.19    1.5914e+12    
>100005    31884634    -485.95    1.5914e+12    
>100005    31984634    484.027    1.5914e+12    
>100005    32084634    -543.294    1.5914e+12    
>100005    32184634    458.01    1.5914e+12    
>100005    32284634    -509.593    1.5914e+12    
>100005    32384634    448.208    1.5914e+12    
>100005    32484634    -553.348    1.5914e+12    
>100005    32584634    465.285    1.5914e+12    
>100005    32684634    -586.139    1.5914e+12    
>100005    32784634    467.514    1.5914e+12    
>100005    32884634    -517.714    1.5914e+12    
>100005    32984634    403.116    1.5914e+12    
>100005    33084634    523.807    1.5914e+12    
>100005    33184634    -551.212    1.5914e+12    
>100005    33284634    435.612    1.5914e+12    
>100005    33384634    -534.506    1.5914e+12    
>100005    33484634    461.813    1.5914e+12    
>100005    33584634    -606.142    1.5914e+12    
>100005    33684634    498.985    1.5914e+12    
>100005    33784634    -504.864    1.5914e+12    
>100005    33884634    454.472    1.5914e+12    
>100005    33984634    186.731    1.5914e+12    
>100005    34084634    -745.397    1.5914e+12    
>100005    34184634    576.615    1.5914e+12    
>100005    34284634    -548.689    1.5914e+12    
>100005    34384634    400.546    1.5914e+12    
>100005    34484634    448.412    1.5914e+12    
>100005    34584634    -534.234    1.5914e+12    
>100005    34684634    473.305    1.5914e+12    
>100005    34784634    -525.251    1.5914e+12    
>100005    34884634    519.99    1.5914e+12    
>100005    34984634    -497.369    1.5914e+12    
>100005    35084634    521.615    1.5914e+12    
>100005    35184634    -452.42    1.5914e+12    
>100005    35284634    503.096    1.5914e+12    
>100005    35384634    -540.244    1.5914e+12    
>100005    35484634    460.328    1.5914e+12    
>100005    35584634    -399.899    1.5914e+12    
>100005    35684634    461.269    1.5914e+12    
>100005    35784634    -537.934    1.5914e+12    
>100005    35884634    467.508    1.5914e+12    
>100005    35984634    -537.358    1.5914e+12    
>100005    36084634    505.477    1.5914e+12    
>100005    36184634    -539.355    1.5914e+12    
>100005    36284634    467.314    1.5914e+12    
>100005    36384634    -520.507    1.5914e+12    
>100005    36484634    478.043    1.5914e+12    
>100005    36584634    -484.031    1.5914e+12    
>100005    36684634    465.134    1.5914e+12    
>100005    36784634    -560.716    1.5914e+12    
>100005    36884634    483.178    1.5914e+12    
>100005    36984634    -546.827    1.5914e+12    
>100005    37084634    481.901    1.5914e+12    
>100005    37184634    -450.332    1.5914e+12    
>100005    37284634    548.421    1.5914e+12    
>100005    37384634    -540.903    1.5914e+12    
>100005    37484634    485.346    1.5914e+12    
>100005    37584634    -543.389    1.5914e+12    
>100005    37684634    464.512    1.5914e+12    
>100005    37784634    469.624    1.5914e+12    
>100005    37884634    483.988    1.5914e+12    
>100005    37984634    471.907    1.5914e+12    
>100005    38084634    -546.314    1.5914e+12    
>100005    38184634    447.195    1.5914e+12    
>100005    38284634    -510.097    1.5914e+12    
>100005    38384634    481.172    1.5914e+12    
>100005    38484634    -502.082    1.5914e+12    
>100005    38584634    513.812    1.5914e+12    
>100005    38684634    -559.44    1.5914e+12    
>100005    38784634    516.511    1.5914e+12    
>100005    38884634    -511.536    1.5914e+12    
>100005    38984634    521.668    1.5914e+12    
>100005    39084634    -449.429    1.5914e+12    
>100005    39184634    -210.149    1.5914e+12    
>100005    39284634    131.668    1.5914e+12    
>100005    39384634    -196.207    1.5914e+12    
>100005    39484634    -97.5432    1.5914e+12    
>100005    39584634    817.627    1.5914e+12    
>100005    39684634    52.8    1.5914e+12    
>100005    39784634    -381.622    1.5914e+12    
>100005    39884634    487.795    1.5914e+12    
>100005    39984634    -860.889    1.5914e+12    
>100005    40084634    736.28    1.5914e+12    
>100005    40184634    127166    1.5914e+12    
>100005    40284634    82.4438    1.5914e+12    
>100005    40384634    508.378    1.5914e+12    
>100005    40484634    -488.635    1.5914e+12    
>100005    40584634    434.528    1.5914e+12    
>100005    40684634    -310.148    1.5914e+12    
>100005    40784634    -146.772    1.5914e+12    
>100005    40884634    630.126    1.5914e+12    
>100005    40984634    -526.977    1.5914e+12    
>100005    41084634    492.574    1.5914e+12    
>100005    41184634    -487.207    1.5914e+12    
>100005    41284634    477.492    1.5914e+12    
>100005    41384634    -537.134    1.5914e+12    
>100005    41484634    458.121    1.5914e+12    
>100005    41584634    -519.377    1.5914e+12    
>100005    41684634    482.253    1.5914e+12    
>100005    41784634    -549.492    1.5914e+12    
>100005    41884634    575.318    1.5914e+12    
>100005    41984634    -536.648    1.5914e+12    
>100005    42084634    408.785    1.5914e+12    
>100005    42184634    476.48    1.5914e+12    
>100005    42284634    -523.128    1.5914e+12    
>100005    42384634    492.933    1.5914e+12    
>100005    42484634    -544.767    1.5914e+12    
>100005    42584634    512.645    1.5914e+12    
>100005    42684634    -518.985    1.5914e+12    
>100005    42784634    573.044    1.5914e+12    
>100005    42884634    -546.352    1.5914e+12    
>100005    42984634    457.757    1.5914e+12    
>100005    43084634    -418.045    1.5914e+12    
>100005    43184634    238.792    1.5914e+12    
>100005    43284634    290.924    1.5914e+12    
>100005    43384634    -57.4041    1.5914e+12    
>100005    43484634    -517.633    1.5914e+12    
>100005    43569030    -418.772    1.5914e+12    
>100005    43580390    468.942    1.5914e+12    
>100005    43621930    -61.1079    1.5914e+12    
>100005    43677594    549.172    1.5914e+12    
>100005    43701458    -510.527    1.5914e+12    
>100005    43752766    483.442    1.5914e+12    
>100005    43802750    -495.252    1.5914e+12    
>100005    43809238    453.926    1.5914e+12    
>100005    43845134    -539.075    1.5914e+12    
>100005    43887158    524.507    1.5914e+12    
>100005    43981234    -569.576    1.5914e+12    
>100005    44077942    -221.995    1.5914e+12    
>100005    44177942    492.039    1.5914e+12    
>100005    44277942    -121.566    1.5914e+12    
>100005    44377942    406.554    1.5914e+12    
>100005    44477942    -496.77    1.5914e+12    
>100005    44577942    457.126    1.5914e+12    
>100005    44677942    -546.691    1.5914e+12    
>100005    44777942    461.499    1.5914e+12    
>100005    44877942    127451    1.5914e+12    
>100005    44977942    459.823    1.5914e+12    
>100005    45077942    -527.923    1.5914e+12    
>100005    45177942    452.602    1.5914e+12    
>100005    45277942    -503.617    1.5914e+12    
>100005    45377942    523.948    1.5914e+12    
>100005    45477942    -558.979    1.5914e+12    
>100005    45577942    474.157    1.5914e+12    
>100005    45677942    461.582    1.5914e+12    
>100005    45777942    -881.992    1.5914e+12    
>100005    45877942    473.436    1.5914e+12    
>100005    45977942    -552.28    1.5914e+12    
>100005    46077942    465.596    1.5914e+12    
>100005    46177942    471.057    1.5914e+12    
>100005    46277942    -532.819    1.5914e+12    
>100005    46377942    467.942    1.5914e+12    
>100005    46477942    -547.202    1.5914e+12    
>100005    46577942    464.54    1.5914e+12    
>100005    46677942    -549.483    1.5914e+12    
>100005    46777942    468.183    1.5914e+12    
>100005    46877942    -537.422    1.5914e+12    
>100005    46977942    454.694    1.5914e+12    
>100005    47077942    -512.392    1.5914e+12    
>100005    47177942    480.971    1.5914e+12    
>100005    47277942    -519.161    1.5914e+12    
>100005    47377942    453.43    1.5914e+12    
>100005    47477942    -520.538    1.5914e+12    
>100005    47577942    449.072    1.5914e+12    
>100005    47677942    -485.905    1.5914e+12    
>100005    47777942    506.696    1.5914e+12    
>100005    47877942    68.28    1.5914e+12    
>100005    47974027    -531.771    1.5914e+12    
>100005    48046829    16.302    1.5914e+12    
>100005    48146829    469.512    1.5914e+12    
>100005    48246829    -524.305    1.5914e+12    
>100005    48346829    447.843    1.5914e+12    
>100005    48446829    500.156    1.5914e+12    
>100005    48546829    -532.933    1.5914e+12    
>100005    48646829    482.284    1.5914e+12    
>100005    48746829    -534.338    1.5914e+12    
>100005    48846829    381.227    1.5914e+12    
>100005    48946829    -521.964    1.5914e+12    
>100005    49046829    466.708    1.5914e+12    
>100005    49146829    -490.656    1.5914e+12    
>100005    49246829    466.656    1.5914e+12    
>100005    49346829    -524.975    1.5914e+12    
>100005    49446829    494.086    1.5914e+12    
>100005    49546829    127507    1.5914e+12    
>100005    49646829    477.513    1.5914e+12    
>100005    49746829    -575.575    1.5914e+12    
>100005    49846829    459.312    1.5914e+12    
>100005    49946829    442.234    1.5914e+12    
>100005    50046829    -508.899    1.5914e+12    
>100005    50146829    -475.042    1.5914e+12    
>100005    50246829    526.768    1.5914e+12    
>100005    50346829    -497.223    1.5914e+12    
>100005    50446829    940.561    1.5914e+12    
>100005    50546829    -63.959    1.5914e+12    
>100005    50646829    -181.911    1.5914e+12    
>100005    50746829    138.585    1.5914e+12    
>100005    50846829    72.696    1.5914e+12    
>100005    50946829    -533.547    1.5914e+12    
>100005    51046829    508.898    1.5914e+12    
>100005    51146829    -445.401    1.5914e+12    
>100005    51246829    445.095    1.5914e+12    
>100005    51346829    -671.475    1.5914e+12    
>100005    51446829    486.265    1.5914e+12    
>100005    51546829    -526.233    1.5914e+12    
>100005    51646829    473.626    1.5914e+12    
>100005    51746829    -546.528    1.5914e+12    
>100005    51846829    498.374    1.5914e+12    
>100005    51946829    -260.007    1.5914e+12    
>100005    52046829    482.728    1.5914e+12    
>100005    52146829    -548.026    1.5914e+12    
>100005    52246829    462.843    1.5914e+12    
>100005    52346829    -520.043    1.5914e+12    
>100005    52446829    483.678    1.5914e+12    
>100005    52546829    -521.236    1.5914e+12    
>100005    52646829    463.087    1.5914e+12    
>100005    52746829    127871    1.5914e+12    
>100005    52846829    -538.363    1.5914e+12    
>100005    52946829    802.422    1.5914e+12    
>100005    53046829    158.221    1.5914e+12    
>100005    53146829    -526.921    1.5914e+12    
>100005    53246829    490.505    1.5914e+12    
>100005    53346829    -528.799    1.5914e+12    
>100005    53446829    463.055    1.5914e+12    
>100005    53546829    -446.36    1.5914e+12    
>100005    53646829    -441.147    1.5914e+12    
>100005    53746829    465.594    1.5914e+12    
>100005    53846829    311.354    1.5914e+12    
>100005    53946829    -548.465    1.5914e+12    
>100005    54046829    455.576    1.5914e+12    
>100005    54146829    -498.027    1.5914e+12    
>100005    54246829    467.976    1.5914e+12    
>100005    54346829    -512.463    1.5914e+12    
>100005    54446829    487.861    1.5914e+12    
>100005    54546829    -527.342    1.5914e+12    
>100005    54646829    486.586    1.5914e+12    
>100005    54746829    -577.518    1.5914e+12    
>100005    54846829    449.167    1.5914e+12    
>100005    54946829    456.146    1.5914e+12    
>100005    55046829    -528.56    1.5914e+12    
>100005    55146829    -399.903    1.5914e+12    
>100005    55246829    458.02    1.5914e+12    
>100005    55346829    -367.757    1.5914e+12    
>100005    55446829    458.665    1.5914e+12    
>100005    55546829    -507.217    1.5914e+12    
>100005    55646829    456.152    1.5914e+12    
>100005    55746829    -58.5771    1.5914e+12    
>100005    55846829    9.76807    1.5914e+12    
>100005    55946829    491.035    1.5914e+12    
>100005    56046829    -543.089    1.5914e+12    
>100005    56146829    526.88    1.5914e+12    
>100005    56246829    -511.288    1.5914e+12    
>100005    56346829    436.157    1.5914e+12    
>100005    56446829    -546.391    1.5914e+12    
>100005    56546829    516.211    1.5914e+12    
>100005    56646829    -538.256    1.5914e+12    
>100005    56746829    458.784    1.5914e+12    
>100005    56846829    -538.044    1.5914e+12    
>100005    56946829    500.762    1.5914e+12    
>100005    57046829    -556.281    1.5914e+12    
>100005    57146829    467.676    1.5914e+12    
>100005    57246829    -547.652    1.5914e+12    
>100005    57346829    469.496    1.5914e+12    
>100005    57446829    -541.969    1.5914e+12    
>100005    57546829    494.637    1.5914e+12    
>100005    57646829    -498.576    1.5914e+12    
>100005    57746829    465.602    1.5914e+12    
>100005    57846829    -449.036    1.5914e+12    
>100005    57946829    454.535    1.5914e+12    
>100005    58046829    475.179    1.5914e+12    
>100005    58146829    -574.189    1.5914e+12    
>100005    58246829    492.285    1.5914e+12    
>100005    58346829    -521.679    1.5914e+12    
>100005    58446829    471.401    1.5914e+12    
>100005    58546829    -549.51    1.5914e+12    
>100005    58646829    469.107    1.5914e+12    
>100005    58746829    -522.884    1.5914e+12    
>100005    58846829    462.483    1.5914e+12    
>100005    58946829    -126.651    1.5914e+12    
>100005    59046829    -489.07    1.5914e+12    
>100005    59146829    518.069    1.5914e+12    
>100005    59246829    -519.005    1.5914e+12    
>100005    59346829    535.757    1.5914e+12    
>100005    59446829    -587.008    1.5914e+12    
>100005    59546829    446.297    1.5914e+12    
>100005    59646829    498.133    1.5914e+12    
>100005    59746829    -535.721    1.5914e+12    
>100005    59846829    487.309    1.5914e+12    
>100005    59946829    -566.549    1.5914e+12    
>100005    60046829    519.263    1.5914e+12    
>100005    60146829    -559.754    1.5914e+12    
>100005    60246829    477.011    1.5914e+12    
>100005    60346829    -528.905    1.5914e+12    
>100005    60446829    461.488    1.5914e+12    
>100005    60546829    -534.796    1.5914e+12    
>100005    60646829    434.536    1.5914e+12    
>100005    60746829    -575.867    1.5914e+12    
>100005    60846829    459.112    1.5914e+12    
>100005    60946829    -537.232    1.5914e+12    
>100005    61046829    461.906    1.5914e+12    
>100005    61146829    465.556    1.5914e+12    
>100005    61246829    -453.157    1.5914e+12    
>100005    61346829    217.505    1.5914e+12    
>100005    61446829    108.305    1.5914e+12    
>100005    61546829    -630.748    1.5914e+12    
>100005    61646829    629.678    1.5914e+12    
>100005    61746829    -708.055    1.5914e+12    
>100005    61846829    872.849    1.5914e+12    
>100005    61946829    -530.779    1.5914e+12    
>100005    62046829    431.76    1.5914e+12    
>100005    62146829    -390.617    1.5914e+12    
>100005    62246829    -467.847    1.5914e+12    
>100005    62346829    437.333    1.5914e+12    
>100005    62446829    473.076    1.5914e+12    
>100005    62546829    -546.348    1.5914e+12    
>100005    62646829    515.08    1.5914e+12    
>100005    62746829    -496.832    1.5914e+12    
>100005    62846829    474.146    1.5914e+12    
>100005    62946829    -565.895    1.5914e+12    
>100005    63046829    432.833    1.5914e+12    
>100005    63146829    -150.126    1.5914e+12    
>100005    63246829    -513.122    1.5914e+12    
>100005    63346829    565.204    1.5914e+12    
>100005    63446829    258.741    1.5914e+12    
>100005    63546829    -478.618    1.5914e+12    
>100005    63646829    -353.753    1.5914e+12    
>100005    63746829    472.932    1.5914e+12    
>100005    63846829    -17.093    1.5914e+12    
>100005    63946829    -523.045    1.5914e+12    
>100005    64046829    463.161    1.5914e+12    
>100005    64146829    -229.322    1.5914e+12    
>100005    64246829    527.659    1.5914e+12    
>100005    64346829    -502.957    1.5914e+12    
>100005    64446829    480.479    1.5914e+12    
>100005    64546829    -478.433    1.5914e+12    
>100005    64646829    452.005    1.5914e+12    
>100005    64746829    -445.506    1.5914e+12    
>100005    64846829    -55.125    1.5914e+12    
>100005    64946829    -18.6699    1.5914e+12    
>100005    65046829    481.765    1.5914e+12    
>100005    65146829    -528.123    1.5914e+12    
>100005    65246829    92.0129    1.5914e+12    
>100005    65346829    504.96    1.5914e+12    
>97275    65446829    -36.075    1.5914e+12    
>-1    65546829    -532.564    1.5914e+12    
