Current: 
new: vegas
Connected to the server!
Bytes_written    Bytes_read    Elapsed_time    start_time>100005    28960    677.529    1.59149e+12    
>100005    111589    -574.879    1.59149e+12    
>100005    210146    560.244    1.59149e+12    
>100005    310146    -175.746    1.59149e+12    
>100005    408708    -272.141    1.59149e+12    
>100005    508708    476.837    1.59149e+12    
>100005    608708    -440.452    1.59149e+12    
>100005    708708    485.617    1.59149e+12    
>100005    808708    -541.92    1.59149e+12    
>100005    908708    418.992    1.59149e+12    
>100005    1008708    -556.994    1.59149e+12    
>100005    1108708    605.495    1.59149e+12    
>100005    1205759    -713.22    1.59149e+12    
>100005    1305759    447.75    1.59149e+12    
>100005    1405759    -562.19    1.59149e+12    
>100005    1505759    454.944    1.59149e+12    
>100005    1605759    449.216    1.59149e+12    
>100005    1705759    -488.026    1.59149e+12    
>100005    1805759    371.54    1.59149e+12    
>100005    1905759    -525.948    1.59149e+12    
>100005    2005759    660.817    1.59149e+12    
>100005    2105759    423.918    1.59149e+12    
>100005    2205759    -341.313    1.59149e+12    
>100005    2305759    413.341    1.59149e+12    
>100005    2405759    450.002    1.59149e+12    
>100005    2505759    -588.772    1.59149e+12    
>100005    2605759    410.685    1.59149e+12    
>100005    2705759    -496.366    1.59149e+12    
>100005    2805759    365.799    1.59149e+12    
>100005    2905759    -249.489    1.59149e+12    
>100005    3005759    479.773    1.59149e+12    
>100005    3105759    -513.235    1.59149e+12    
>100005    3205759    549.675    1.59149e+12    
>100005    3305759    -449.386    1.59149e+12    
>100005    3405759    414.136    1.59149e+12    
>100005    3505759    -570.668    1.59149e+12    
>100005    3605759    487.289    1.59149e+12    
>100005    3705759    -354.032    1.59149e+12    
>100005    3805759    426.914    1.59149e+12    
>100005    3905759    -546.642    1.59149e+12    
>100005    4005759    503.28    1.59149e+12    
>100005    4105759    -578.866    1.59149e+12    
>100005    4205759    471.51    1.59149e+12    
>100005    4305759    -554.197    1.59149e+12    
>100005    4405759    561.406    1.59149e+12    
>100005    4505759    -575.992    1.59149e+12    
>100005    4605759    771.302    1.59149e+12    
>100005    4705759    -917.584    1.59149e+12    
>100005    4805759    406.355    1.59149e+12    
>100005    4905759    413.66    1.59149e+12    
>100005    5005759    -567.209    1.59149e+12    
>100005    5105759    557.882    1.59149e+12    
>100005    5205759    -563.524    1.59149e+12    
>100005    5305759    487.028    1.59149e+12    
>100005    5405759    -519.168    1.59149e+12    
>100005    5505759    409.507    1.59149e+12    
>100005    5605759    -516.336    1.59149e+12    
>100005    5705759    436.971    1.59149e+12    
>100005    5805759    -218.716    1.59149e+12    
>100005    5903191    127734    1.59149e+12    
>100005    6003191    642.295    1.59149e+12    
>100005    6103191    -431.001    1.59149e+12    
>100005    6203191    493.588    1.59149e+12    
>100005    6303191    13.5959    1.59149e+12    
>100005    6403191    -523.313    1.59149e+12    
>100005    6503191    225.615    1.59149e+12    
>100005    6603191    127709    1.59149e+12    
>100005    6703191    189.049    1.59149e+12    
>100005    6803191    -173.25    1.59149e+12    
>100005    6903191    648.286    1.59149e+12    
>100005    7003191    -690.617    1.59149e+12    
>100005    7103191    284.9    1.59149e+12    
>100005    7203191    377.306    1.59149e+12    
>100005    7303191    -543.69    1.59149e+12    
>100005    7403191    419.803    1.59149e+12    
>100005    7503191    -632.652    1.59149e+12    
>100005    7603191    116.172    1.59149e+12    
>100005    7703191    465.406    1.59149e+12    
>100005    7803191    -519.535    1.59149e+12    
>100005    7903191    491.192    1.59149e+12    
>100005    8003191    -549.665    1.59149e+12    
>100005    8103191    506.03    1.59149e+12    
>100005    8203191    -543.151    1.59149e+12    
>100005    8303191    404.073    1.59149e+12    
>100005    8403191    406.692    1.59149e+12    
>100005    8503191    -478.535    1.59149e+12    
>100005    8603191    570.623    1.59149e+12    
>100005    8703191    -116.804    1.59149e+12    
>100005    8803191    -553.443    1.59149e+12    
>100005    8903191    551.481    1.59149e+12    
>100005    9003191    -528.109    1.59149e+12    
>100005    9103191    -329.985    1.59149e+12    
>100005    9203191    586.28    1.59149e+12    
>100005    9303191    64.229    1.59149e+12    
>100005    9403191    -505.243    1.59149e+12    
>100005    9503191    526.454    1.59149e+12    
>100005    9603191    -272.593    1.59149e+12    
>100005    9703191    -262.297    1.59149e+12    
>100005    9803191    774.931    1.59149e+12    
>100005    9903191    127131    1.59149e+12    
>100005    10003191    -8.41406    1.59149e+12    
>100005    10103191    485.8    1.59149e+12    
>100005    10203191    417.477    1.59149e+12    
>100005    10303191    -592.809    1.59149e+12    
>100005    10403191    503.545    1.59149e+12    
>100005    10503191    -546.738    1.59149e+12    
>100005    10603191    454.17    1.59149e+12    
>100005    10703191    -417.628    1.59149e+12    
>100005    10803191    515.064    1.59149e+12    
>100005    10903191    -482.143    1.59149e+12    
>100005    11003191    389.829    1.59149e+12    
>100005    11103191    85.5769    1.59149e+12    
>100005    11203191    -239.41    1.59149e+12    
>100005    11303191    -575.877    1.59149e+12    
>100005    11403191    377.481    1.59149e+12    
>100005    11503191    403.109    1.59149e+12    
>100005    11603191    -543.556    1.59149e+12    
>100005    11703191    476.479    1.59149e+12    
>100005    11803191    -564.928    1.59149e+12    
>100005    11903191    454.605    1.59149e+12    
>100005    12003191    -594.352    1.59149e+12    
>100005    12103191    472.454    1.59149e+12    
>100005    12203191    459.451    1.59149e+12    
>100005    12303191    -530.241    1.59149e+12    
>100005    12403191    -436.299    1.59149e+12    
>100005    12503191    831.395    1.59149e+12    
>100005    12603191    -196.667    1.59149e+12    
>100005    12703191    310.568    1.59149e+12    
>100005    12803191    -542.812    1.59149e+12    
>100005    12903191    488.335    1.59149e+12    
>100005    13003191    -527.503    1.59149e+12    
>100005    13103191    438.014    1.59149e+12    
>100005    13203191    -583.284    1.59149e+12    
>100005    13303191    521.266    1.59149e+12    
>100005    13403191    -529.854    1.59149e+12    
>100005    13503191    528.748    1.59149e+12    
>100005    13603191    -554.369    1.59149e+12    
>100005    13703191    462.335    1.59149e+12    
>100005    13803191    -510.966    1.59149e+12    
>100005    13903191    477.398    1.59149e+12    
>100005    14003191    -507.14    1.59149e+12    
>100005    14103191    485.785    1.59149e+12    
>100005    14203191    -512.178    1.59149e+12    
>100005    14303191    174.124    1.59149e+12    
>100005    14403191    -162.038    1.59149e+12    
>100005    14503191    -76.3101    1.59149e+12    
>100005    14603191    731.228    1.59149e+12    
>100005    14703191    -487.072    1.59149e+12    
>100005    14803191    432.615    1.59149e+12    
>100005    14903191    -591.671    1.59149e+12    
>100005    15003191    442.396    1.59149e+12    
>100005    15103191    -553.961    1.59149e+12    
>100005    15203191    414.39    1.59149e+12    
>100005    15303191    437.417    1.59149e+12    
>100005    15403191    -587.291    1.59149e+12    
>100005    15503191    494.217    1.59149e+12    
>100005    15603191    -146.83    1.59149e+12    
>100005    15703191    -301.843    1.59149e+12    
>100005    15803191    349.123    1.59149e+12    
>100005    15903191    -118.145    1.59149e+12    
>100005    16003191    -288.895    1.59149e+12    
>100005    16103191    -192.029    1.59149e+12    
>100005    16203191    411.075    1.59149e+12    
>100005    16303191    -329.657    1.59149e+12    
>100005    16403191    471.783    1.59149e+12    
>100005    16503191    -465.418    1.59149e+12    
>100005    16603191    528.091    1.59149e+12    
>100005    16703191    -547.693    1.59149e+12    
>100005    16803191    418.489    1.59149e+12    
>100005    16903191    -537.25    1.59149e+12    
>100005    17003191    565.834    1.59149e+12    
>100005    17103191    108.682    1.59149e+12    
>100005    17203191    -522.024    1.59149e+12    
>100005    17303191    523.478    1.59149e+12    
>100005    17403191    -501.145    1.59149e+12    
>100005    17503191    618.37    1.59149e+12    
>100005    17603191    -490.426    1.59149e+12    
>100005    17703191    543.248    1.59149e+12    
>100005    17803191    -768.553    1.59149e+12    
>100005    17903191    -99.301    1.59149e+12    
>100005    18003191    440.882    1.59149e+12    
>100005    18103191    411.929    1.59149e+12    
>100005    18203191    -479.751    1.59149e+12    
>100005    18303191    -407.448    1.59149e+12    
>100005    18403191    414.771    1.59149e+12    
>100005    18503191    461.572    1.59149e+12    
>100005    18603191    -578.212    1.59149e+12    
>100005    18703191    479.006    1.59149e+12    
>100005    18803191    -590.491    1.59149e+12    
>100005    18903191    454.923    1.59149e+12    
>100005    19003191    -546.168    1.59149e+12    
>100005    19103191    459.251    1.59149e+12    
>100005    19203191    382.578    1.59149e+12    
>100005    19303191    -465.404    1.59149e+12    
>100005    19403191    -278.382    1.59149e+12    
>100005    19503191    390.061    1.59149e+12    
>100005    19603191    -538.246    1.59149e+12    
>100005    19703191    444.967    1.59149e+12    
>100005    19803191    458.487    1.59149e+12    
>100005    19903191    -566.114    1.59149e+12    
>100005    20003191    404.87    1.59149e+12    
>100005    20103191    -364.193    1.59149e+12    
>100005    20203191    505.204    1.59149e+12    
>100005    20303191    -512.187    1.59149e+12    
>100005    20403191    421.622    1.59149e+12    
>100005    20503191    -579.363    1.59149e+12    
>100005    20603191    412.187    1.59149e+12    
>100005    20703191    -538.448    1.59149e+12    
>100005    20803191    486.254    1.59149e+12    
>100005    20903191    -550.931    1.59149e+12    
>100005    21003191    453.918    1.59149e+12    
>100005    21103191    -433.556    1.59149e+12    
>100005    21203191    157.321    1.59149e+12    
>100005    21303191    332.231    1.59149e+12    
>100005    21403191    75.3459    1.59149e+12    
>100005    21503191    -42.8601    1.59149e+12    
>100005    21603191    -494.675    1.59149e+12    
>100005    21703191    430.091    1.59149e+12    
>100005    21803191    424.2    1.59149e+12    
>100005    21903191    -564.125    1.59149e+12    
>100005    22003191    405.004    1.59149e+12    
>100005    22103191    -577.88    1.59149e+12    
>100005    22203191    534.221    1.59149e+12    
>100005    22303191    -51.45    1.59149e+12    
>100005    22403191    -466.004    1.59149e+12    
>100005    22503191    432.556    1.59149e+12    
>100005    22603191    -604.415    1.59149e+12    
>100005    22703191    455.21    1.59149e+12    
>100005    22803191    -286.883    1.59149e+12    
>100005    22903191    517.004    1.59149e+12    
>100005    23003191    -502.729    1.59149e+12    
>100005    23103191    112.394    1.59149e+12    
>100005    23203191    503.574    1.59149e+12    
>100005    23303191    -524.139    1.59149e+12    
>100005    23403191    -204.662    1.59149e+12    
>100005    23503191    763.557    1.59149e+12    
>100005    23603191    -458.318    1.59149e+12    
>100005    23703191    -428.315    1.59149e+12    
>100005    23803191    239.467    1.59149e+12    
>100005    23903191    436.746    1.59149e+12    
>100005    24003191    -576.712    1.59149e+12    
>100005    24103191    438.998    1.59149e+12    
>100005    24203191    -590.761    1.59149e+12    
>100005    24303191    508.39    1.59149e+12    
>100005    24403191    429.043    1.59149e+12    
>100005    24503191    -724.504    1.59149e+12    
>100005    24603191    399.008    1.59149e+12    
>100005    24703191    -73.178    1.59149e+12    
>100005    24803191    425.188    1.59149e+12    
>100005    24903191    -572.01    1.59149e+12    
>100005    25003191    16.7761    1.59149e+12    
>100005    25103191    281.904    1.59149e+12    
>100005    25203191    163.791    1.59149e+12    
>100005    25303191    -86.4192    1.59149e+12    
>100005    25403191    -97.4661    1.59149e+12    
>100005    25503191    -250.956    1.59149e+12    
>100005    25603191    555.679    1.59149e+12    
>100005    25703191    127562    1.59149e+12    
>100005    25803191    -526.46    1.59149e+12    
>100005    25903191    451.055    1.59149e+12    
>100005    26003191    388.845    1.59149e+12    
>100005    26103191    -523.971    1.59149e+12    
>100005    26203191    454.835    1.59149e+12    
>100005    26303191    -544.539    1.59149e+12    
>100005    26403191    579.586    1.59149e+12    
>100005    26503191    -556.161    1.59149e+12    
>100005    26603191    -115.865    1.59149e+12    
>100005    26703191    569.003    1.59149e+12    
>100005    26803191    -415.374    1.59149e+12    
>100005    26903191    -146.456    1.59149e+12    
>100005    27003191    435.928    1.59149e+12    
>100005    27103191    -598.498    1.59149e+12    
>100005    27203191    440.305    1.59149e+12    
>100005    27303191    451.208    1.59149e+12    
>100005    27403191    -501.011    1.59149e+12    
>100005    27503191    467.483    1.59149e+12    
>100005    27603191    -564.813    1.59149e+12    
>100005    27703191    443.469    1.59149e+12    
>100005    27803191    -586.552    1.59149e+12    
>100005    27903191    582.134    1.59149e+12    
>100005    28003191    -491.6    1.59149e+12    
>100005    28103191    439.545    1.59149e+12    
>100005    28203191    -574.041    1.59149e+12    
>100005    28303191    465.724    1.59149e+12    
>100005    28403191    -419.728    1.59149e+12    
>100005    28503191    328.324    1.59149e+12    
>100005    28603191    -110.297    1.59149e+12    
>100005    28703191    587.895    1.59149e+12    
>100005    28803191    0.459961    1.59149e+12    
>100005    28903191    -309.871    1.59149e+12    
>100005    29003191    240.301    1.59149e+12    
>100005    29103191    -765.414    1.59149e+12    
>100005    29203191    732.508    1.59149e+12    
>100005    29303191    -519.806    1.59149e+12    
>100005    29403191    425.667    1.59149e+12    
>100005    29503191    -612.26    1.59149e+12    
>100005    29603191    678.982    1.59149e+12    
>100005    29703191    -517.692    1.59149e+12    
>100005    29803191    -80.2141    1.59149e+12    
>100005    29903191    67.571    1.59149e+12    
>100005    30003191    166.125    1.59149e+12    
>100005    30103191    -291.375    1.59149e+12    
>100005    30203191    636.047    1.59149e+12    
>100005    30303191    -553.746    1.59149e+12    
>100005    30403191    447.794    1.59149e+12    
>100005    30503191    -561.747    1.59149e+12    
>100005    30603191    426.451    1.59149e+12    
>100005    30703191    -494.003    1.59149e+12    
>100005    30803191    471.61    1.59149e+12    
>100005    30903191    -518.869    1.59149e+12    
>100005    31003191    618.415    1.59149e+12    
>100005    31103191    -683.082    1.59149e+12    
>100005    31203191    445.457    1.59149e+12    
>100005    31303191    472.44    1.59149e+12    
>100005    31403191    127527    1.59149e+12    
>100005    31503191    481.878    1.59149e+12    
>100005    31603191    -739.412    1.59149e+12    
>100005    31703191    154.817    1.59149e+12    
>100005    31803191    484.853    1.59149e+12    
>100005    31903191    -521.686    1.59149e+12    
>100005    32003191    -220.839    1.59149e+12    
>100005    32103191    458.247    1.59149e+12    
>100005    32203191    -535.474    1.59149e+12    
>100005    32303191    404.814    1.59149e+12    
>100005    32403191    536.424    1.59149e+12    
>100005    32503191    -533.769    1.59149e+12    
>100005    32603191    -330.265    1.59149e+12    
>100005    32703191    402.043    1.59149e+12    
>100005    32803191    462.912    1.59149e+12    
>100005    32903191    -524.972    1.59149e+12    
>100005    33003191    390.329    1.59149e+12    
>100005    33103191    -459.446    1.59149e+12    
>100005    33203191    505.039    1.59149e+12    
>100005    33303191    -40.917    1.59149e+12    
>100005    33403191    -174.687    1.59149e+12    
>100005    33503191    -66.2419    1.59149e+12    
>100005    33603191    -138.854    1.59149e+12    
>100005    33703191    435.971    1.59149e+12    
>100005    33803191    -596.852    1.59149e+12    
>100005    33903191    388.963    1.59149e+12    
>100005    34003191    -85.261    1.59149e+12    
>100005    34103191    359.438    1.59149e+12    
>100005    34203191    -530.83    1.59149e+12    
>100005    34303191    420.858    1.59149e+12    
>100005    34403191    -347.857    1.59149e+12    
>100005    34503191    -411.471    1.59149e+12    
>100005    34603191    462.139    1.59149e+12    
>100005    34703191    -307.389    1.59149e+12    
>100005    34803191    512.615    1.59149e+12    
>100005    34903191    39.1201    1.59149e+12    
>100005    35003191    -84.7781    1.59149e+12    
>100005    35103191    -528.865    1.59149e+12    
>100005    35203191    402.438    1.59149e+12    
>100005    35303191    -591.45    1.59149e+12    
>100005    35403191    42.324    1.59149e+12    
>100005    35503191    452.781    1.59149e+12    
>100005    35603191    459.454    1.59149e+12    
>100005    35703191    -550.59    1.59149e+12    
>100005    35803191    -398.682    1.59149e+12    
>100005    35903191    587.125    1.59149e+12    
>100005    36003191    -552.369    1.59149e+12    
>100005    36103191    571.086    1.59149e+12    
>100005    36203191    -463.804    1.59149e+12    
>100005    36303191    754.188    1.59149e+12    
>100005    36403191    127768    1.59149e+12    
>100005    36497142    -227.605    1.59149e+12    
>100005    36597142    -50.147    1.59149e+12    
>100005    36697142    461.24    1.59149e+12    
>100005    36797142    666.215    1.59149e+12    
>100005    36897142    -242.044    1.59149e+12    
>100005    36997142    405.593    1.59149e+12    
>100005    37097142    -546.556    1.59149e+12    
>100005    37197142    404.991    1.59149e+12    
>100005    37297142    -56.0669    1.59149e+12    
>100005    37397142    -570.363    1.59149e+12    
>100005    37497142    383888    1.59149e+12    
>100005    37597142    706.329    1.59149e+12    
>100005    37697142    -365.742    1.59149e+12    
>100005    37797142    138.694    1.59149e+12    
>20835    37830166    -364.474    1.59149e+12    
