5.82501
0.101704
526
1
5.14721
0.0876271
968
1
3.69157
0.101482
1285
1
3.28427
0.0837233
1567
1
2.78319
0.0946865
1806
1
2.63184
0.100589
2032
1
2.13109
0.0785357
2215
1
2.51553
0.0903737
2431
1
2.34096
0.101943
2632
1
2.5154
0.0897689
2848
1
3.10941
0.102161
3115
1
3.42381
0.100206
3409
1
3.23754
0.0881421
3687
1
4.06449
0.103096
4036
1
4.00616
0.0945317
4380
1
4.23908
0.0904719
4744
1
4.0644
0.0935374
5093
1
5.28755
0.0905778
5547
1
4.27423
0.093185
5914
1
3.45899
0.110031
6211
1
3.57543
0.203623
6518
1
3.34256
0.116605
6805
1
3.38915
0.093468
7096
1
4.20458
0.116165
7457
1
4.92639
0.0822616
7880
1
7.23241
0.0941514
8501
1
6.76659
0.114944
9082
1
6.07959
0.197872
9604
1
5.90485
0.086954
10111
1
6.20724
0.102388
10644
1
7.97776
0.097506
11329
1
7.31408
0.0973013
11957
1
11.3321
0.0874837
12930
3
19.6354
0.0735733
14616
5
33.2736
0.1274
17473
24
29.5925
0.104822
20014
34
24.1282
0.0691997
22086
36
14.3596
0.110019
23319
41
12.4956
0.0742196
24392
42
15.8275
0.0610265
25751
43
31.9226
0.0676022
28492
55
