connect
finished connect
SendRate(Mb/s)	RTT(ms)	CTotal	Loss	RecvACK	RecvNAK
1	10.0827	9.40312	926	0
2	8.4205	4.814	1649	9
3	7.80309	3.24733	2319	9
4	11.6695	2.53255	3321	17
5	10.4469	3.92543	4218	17
6	6.52206	4.58412	4778	17
7	8.33898	3.63116	5494	22
8	5.8233	2.65033	5994	23
9	4.80999	12.0743	6407	25
10	6.8713	3.12173	6997	25
11	13.5799	5.72935	8163	26
12	7.96601	2.94879	8847	26
13	5.29916	3.0832	9302	26
14	5.52041	3.65909	9776	26
15	4.09958	9.34898	10128	26
16	3.95984	4.27981	10468	26
17	4.30923	2.66323	10838	26
18	3.50562	4.00449	11139	27
19	4.07632	6.88095	11489	27
20	4.26264	3.48192	11855	27
21	6.10284	2.83295	12379	27
22	6.53373	7.2395	12940	27
23	7.58179	4.70095	13591	27
24	9.37544	6.82641	14396	27
25	9.77158	4.74061	15235	27
26	12.2401	8.10573	16286	28
27	14.2202	30.2103	17507	28
28	14.3368	50.9436	18738	42
29	14.535	152.481	19986	158
30	14.5232	36.2116	21233	158
31	15.2921	24.2204	22546	158
32	14.85	27.21	23821	158
33	14.1972	10.1564	25040	161
34	7.59367	4.5215	25692	164
35	5.90499	4.60019	26199	166
36	6.58053	4.76641	26764	170
37	6.86003	5.90211	27353	170
38	4.7984	3.27638	27765	170
39	4.12283	6.21961	28119	171
40	2.18956	8.27933	28307	171
41	3.34244	3.20055	28594	171
42	4.14619	2.96608	28950	171
43	2.21286	6.07814	29140	171
44	2.27104	13.4368	29335	171
45	2.58548	8.70047	29557	171
46	5.62533	3.44799	30040	171
47	5.89317	2.55248	30546	171
48	10.5755	6.9112	31454	173
49	4.1345	5.5762	31809	173
50	4.04142	9.35459	32156	174
51	4.68178	3.80587	32558	174
52	6.2659	3.11676	33096	174
53	8.26912	4.10053	33806	174
54	8.52549	5.16358	34538	174
55	11.7168	7.67034	35544	181
56	12.9975	4.02148	36660	181
57	13.5216	5.4649	37821	184
58	11.239	14.6411	38786	186
59	7.3141	3.21025	39414	186
60	8.26905	4.09794	40124	186
61	9.03768	5.1514	40900	186
62	8.16448	11.0912	41601	186
63	6.71999	3.85659	42178	186
64	7.7332	4.2834	42842	190
65	7.41918	10.4802	43479	198
66	6.59204	5.43157	44045	198
67	8.03609	5.3196	44735	200
68	6.26613	2.87375	45273	200
69	5.49715	3.73747	45745	200
70	6.13795	4.66125	46272	200
71	5.73011	4.52109	46764	200
72	9.14255	3.98356	47549	200
73	10.8668	4.54378	48482	200
74	9.03761	5.02434	49258	207
75	5.14797	5.89912	49700	207
76	5.15961	6.45675	50143	210
77	4.42558	10.4082	50523	210
78	3.84336	4.36208	50853	210
79	2.29425	12.7752	51050	210
80	1.97985	4.96995	51220	210
81	3.52887	4.20833	51523	211
82	2.91166	7.94781	51773	211
83	2.21287	10.7013	51963	211
84	2.23612	3.49306	52155	211
85	2.32928	5.01291	52355	211
86	2.92308	3.58048	52606	211
87	3.63375	4.86838	52918	211
88	3.61039	13.1095	53228	211
89	5.88162	4.83266	53733	211
90	4.76345	4.7306	54142	211
91	4.75181	4.6751	54550	212
92	4.61185	23.0027	54946	214
93	6.06783	4.56031	55467	218
94	5.71834	2.70807	55958	218
95	7.18579	5.10595	56575	218
96	8.31564	6.95999	57289	229
97	3.9249	4.21783	57626	229
98	2.46903	3.89759	57838	229
99	2.88836	3.307	58086	229
100	4.21608	3.85953	58448	229
101	3.78502	6.50066	58773	229
102	2.37586	3.82541	58977	229
103	2.22453	15.0076	59168	244
104	2.15451	4.0185	59353	244
105	3.23775	6.17871	59631	244
106	7.98958	12.2731	60317	245
107	6.90636	8.03416	60910	245
108	7.01128	3.55313	61512	246
109	5.97472	5.06944	62025	246
110	3.55226	7.16677	62330	246
111	3.31927	3.6273	62615	246
112	2.36427	8.14005	62818	246
113	2.18956	3.98332	63006	246
114	2.59719	7.85046	63229	246
115	2.52732	3.78084	63446	246
116	2.07304	3.83958	63624	246
117	2.39916	4.40745	63830	265
118	2.18952	5.51334	64018	265
119	2.45736	3.94768	64229	266
120	2.10803	5.1119	64410	281
121	3.36583	3.23193	64699	281
122	4.35575	7.76445	65073	281
123	10.1792	6.95628	65947	281
124	8.94447	4.74194	66715	281
125	7.20905	3.49063	67334	281
126	3.72691	3.7415	67654	281
127	2.5506	13.3543	67873	281
128	2.0498	6.20289	68049	281
129	2.15462	8.02053	68234	281
130	1.91001	6.62109	68398	281
131	3.73848	6.2	68719	281
132	6.88316	3.16537	69310	281
133	7.57015	5.67362	69960	281
134	5.427	3.45739	70426	282
135	3.51719	5.39021	70728	282
136	2.51566	3.20317	70944	282
137	4.43735	2.87943	71325	283
138	5.86987	4.86983	71829	283
139	4.67017	6.94577	72230	283
140	4.58861	3.80158	72624	284
141	2.24779	3.14312	72817	284
142	2.23606	6.02542	73009	284
143	3.24933	6.75936	73288	284
144	8.40871	11.6121	74010	286
145	8.23394	51.5857	74717	286
146	7.34899	5.72579	75348	286
147	5.60202	9.59836	75829	286
148	5.24099	16.8061	76279	286
149	4.58873	3.77354	76673	286
150	2.7254	6.41723	76907	290
151	2.39914	4.85774	77113	290
152	2.71377	5.01817	77346	290
153	2.03813	4.6909	77521	290
154	2.25943	3.25319	77715	291
155	2.17787	3.36902	77902	291
156	4.83333	5.91939	78317	291
157	4.02975	5.15011	78663	291
158	2.46908	3.06639	78875	291
159	2.36414	3.50989	79078	291
160	2.57386	6.7649	79299	291
161	3.07454	5.81614	79563	291
162	2.2943	5.49553	79760	291
163	2.10792	3.09679	79941	291
164	2.17792	6.87501	80128	291
165	2.48072	5.15042	80341	291
166	2.25944	3.82432	80535	292
167	5.6253	3.10795	81018	292
168	5.70684	4.8209	81508	292
169	2.83006	9.26278	81751	292
170	2.0498	25.2004	81927	292
171	2.32932	9.61397	82127	292
172	4.05301	4.43312	82475	292
173	2.98153	3.6497	82731	292
174	3.54056	8.77245	83035	293
175	4.00629	4.06311	83379	293
176	2.95823	6.87444	83633	293
177	2.9116	4.31799	83883	293
178	3.57542	4.65523	84190	294
179	2.87671	3.47883	84437	294
180	2.32932	9.88621	84637	294
181	2.08468	6.92524	84816	294
182	3.06301	6.48826	85079	317
183	7.02279	6.98098	85682	318
184	6.8715	4.55727	86272	318
185	4.85665	3.20444	86689	318
186	4.62368	5.15342	87086	318
187	5.6834	4.27159	87574	318
188	7.01125	5.23092	88176	318
189	9.99269	3.10159	89034	318
190	9.3171	3.19276	89834	318
191	6.53372	7.85727	90395	318
192	9.13074	2.68045	91179	319
193	9.3751	3.88785	91984	320
194	9.89991	3.10663	92834	320
195	7.32571	8.24797	93463	320
196	6.17269	7.05957	93993	320
197	6.66185	3.33115	94565	320
198	7.62854	2.25634	95220	320
199	9.99263	6.28938	96078	322
200	9.9809	7.89084	96935	337
201	9.32893	4.46183	97736	337
202	8.94435	3.11606	98504	337
203	9.2707	4.79732	99300	338
204	4.64692	12.2951	99699	338
205	4.71668	5.08175	100104	338
206	3.61039	7.29772	100414	338
207	4.51859	4.87681	100802	338
208	3.85502	6.46164	101133	339
209	2.56224	3.85128	101353	339
210	2.04976	4.68603	101529	339
211	2.08469	3.59178	101708	355
212	2.3992	6.13417	101914	355
213	2.78354	4.37853	102153	355
214	2.27108	4.19294	102348	355
215	2.38755	4.74412	102553	367
216	3.31922	4.78249	102838	367
217	5.46225	13.461	103307	367
218	9.4684	11.2271	104120	367
219	6.80108	4.30215	104704	372
220	5.55541	3.73585	105181	372
221	3.54058	9.54586	105485	372
222	5.43893	2.93694	105952	374
223	5.77655	3.5656	106448	374
224	4.70521	5.22469	106852	374
225	4.50721	7.29365	107239	375
226	4.13451	3.41911	107594	375
227	3.21445	9.04982	107870	375
228	2.62048	3.06435	108095	375
229	2.72524	3.93272	108329	375
230	2.02648	5.48336	108503	375
231	1.88675	3.56709	108665	375
232	1.91003	3.96529	108829	375
233	2.22449	4.66376	109020	375
234	2.16626	5.03804	109206	375
235	2.25938	3.86107	109400	375
236	2.48072	3.2394	109613	375
237	2.10797	5.28594	109794	375
238	2.41085	7.45823	110001	375
239	2.78351	3.72542	110240	391
240	2.24774	3.38065	110433	391
241	2.46902	3.75869	110645	391
242	2.01487	12.2078	110818	391
243	2.18956	4.24943	111006	391
244	2.10793	4.91471	111187	407
245	2.66703	4.2618	111416	407
246	2.64373	2.94187	111643	407
247	2.91144	8.90407	111893	458
248	3.95964	4.30248	112233	458
249	3.65703	2.80804	112547	458
250	4.65864	3.63189	112947	458
251	5.84659	22.6118	113449	460
252	8.81598	10.9982	114206	461
253	7.41841	3.08778	114843	463
254	6.51042	4.09597	115402	463
255	8.57187	3.66091	116138	463
256	8.59486	9.28365	116876	463
257	6.9064	4.47067	117469	465
258	6.53374	2.58156	118030	467
259	6.12582	6.9494	118556	467
260	5.03131	8.54884	118988	467
261	5.93977	8.57265	119498	471
262	8.97951	2.61469	120269	471
263	10.6914	29.8165	121187	471
264	9.74795	13.2431	122024	477
265	7.80282	3.72201	122694	481
266	4.251	2.48308	123059	481
267	5.03112	3.33543	123491	481
268	7.38358	12.3321	124125	481
269	8.42022	5.29269	124848	481
270	8.82802	4.2264	125606	481
271	8.87434	6.54199	126368	481
272	9.06058	7.65161	127146	481
273	9.63171	5.20902	127973	485
274	9.34042	4.33373	128775	487
275	7.33728	2.53689	129405	487
276	7.96628	3.46587	130089	487
277	8.6879	8.29972	130835	489
278	10.1092	7.68618	131703	500
279	8.25723	2.48415	132412	500
280	6.03289	3.67369	132930	501
281	7.03446	5.45286	133534	501
282	8.71108	3.96871	134282	501
283	10.7494	3.01031	135205	501
284	8.3505	3.03868	135922	501
285	6.4055	8.16959	136472	506
286	5.05464	5.20592	136906	506
287	3.27269	4.01519	137187	506
288	2.57385	5.35117	137408	506
289	2.41079	10.3734	137615	506
290	3.19117	4.13263	137889	506
291	3.49397	5.46731	138189	506
292	2.07309	3.50019	138367	521
293	2.2245	6.98188	138558	521
294	2.30602	6.36667	138756	521
295	3.14449	5.08391	139026	544
296	4.91466	3.23381	139448	544
297	6.96456	3.65573	140046	544
298	5.20602	9.68874	140493	544
299	5.31084	3.0457	140949	544
300	5.81166	3.04048	141448	544
301	5.39224	4.64268	141911	544
302	6.23092	5.03273	142446	544
303	5.75342	6.54232	142940	544
304	8.21086	3.97737	143645	546
305	7.68675	3.68283	144305	546
306	6.02126	6.96417	144822	548
307	7.7096	4.49486	145484	548
308	6.69663	7.37382	146059	548
309	4.55383	3.00908	146450	548
310	3.82004	3.82089	146778	548
311	2.27104	4.6729	146973	548
312	2.51568	2.46806	147189	548
313	5.15916	2.64048	147632	548
314	4.71686	10.1788	148037	548
315	2.21285	7.22941	148227	548
316	2.86505	6.75781	148473	548
317	3.08625	6.37655	148738	548
318	3.063	4.08001	149001	548
319	5.4154	4.0552	149466	548
320	5.24098	6.54699	149916	549
321	3.50557	8.16108	150217	549
322	4.01797	5.72751	150562	551
323	4.29758	5.09457	150931	551
324	7.60493	7.17818	151584	551
325	8.2456	6.08318	152292	555
326	4.35584	7.20752	152666	555
327	2.42247	5.48066	152874	555
328	3.43575	6.62528	153169	555
329	3.71525	4.19027	153488	555
330	2.84178	5.50588	153732	555
331	2.66696	3.14104	153961	555
332	3.56381	76.1642	154267	580
333	2.81849	4.5756	154509	580
334	2.48069	4.83877	154722	580
335	2.65539	5.11122	154950	594
336	2.23606	8.09367	155142	594
337	2.58541	9.92173	155364	594
338	3.78513	3.2501	155689	594
339	4.41382	5.22714	156068	598
340	6.76662	5.97148	156649	599
341	7.62857	6.49944	157304	599
342	9.11932	5.45223	158087	602
343	9.61948	4.84151	158913	602
344	7.4886	10.6411	159556	602
345	6.49869	13.8408	160114	602
346	5.64858	5.325	160599	602
347	5.34599	3.27689	161058	602
348	8.72321	5.13647	161807	604
349	10.3416	7.18759	162695	604
350	7.55845	4.78578	163344	604
351	3.42404	9.81551	163638	604
352	2.30603	4.73952	163836	619
353	3.6221	8.07553	164147	619
354	2.98153	6.51493	164403	619
355	2.84164	4.84797	164647	619
356	2.83006	4.23198	164890	619
357	2.3992	7.47547	165096	619
358	3.1329	4.814	165365	619
359	2.93489	2.94888	165617	619
360	3.99471	4.35824	165960	619
361	3.8199	5.96828	166288	622
362	4.71681	10.6624	166693	622
363	5.6951	3.36523	167182	622
364	4.71681	3.90591	167587	622
365	3.75021	9.41794	167909	622
366	2.9116	5.65992	168159	622
367	3.59879	6.5816	168468	622
368	3.64534	3.75311	168781	622
369	2.56223	5.40763	169001	622
370	2.02659	6.67388	169175	622
371	3.02795	7.64487	169435	622
372	2.34093	7.14235	169636	622
373	3.78494	3.58306	169961	622
374	4.34395	4.31704	170334	622
375	5.26441	5.10301	170786	622
376	7.16253	5.86423	171401	622
377	9.03761	3.85017	172177	623
378	14.8148	13.6401	173449	675
379	13.7891	3.77134	174633	680
380	10.2725	22.5189	175515	680
381	7.48864	4.267	176158	680
382	6.53364	2.49444	176719	680
383	8.00105	3.74799	177406	686
384	5.08968	6.18186	177843	687
385	3.72673	4.14397	178163	687
386	3.90148	4.02608	178498	687
387	3.73856	6.42315	178819	714
388	3.31924	4.54695	179104	714
389	2.1313	4.32872	179287	714
390	3.51727	2.86019	179589	714
391	3.73845	4.45838	179910	714
392	6.05625	3.44598	180430	714
393	8.14084	8.8094	181129	714
394	9.55037	5.11735	181949	714
395	8.37372	4.54657	182668	714
396	8.22237	4.48973	183374	715
397	8.59485	6.86504	184112	715
398	6.4286	5.23303	184664	719
399	6.90653	3.4177	185257	719
400	7.33743	43.1475	185887	770
401	7.40722	10.4888	186523	770
402	6.35899	10.1472	187069	770
403	5.17096	9.60834	187513	774
404	4.13444	5.1793	187868	775
405	3.00479	17.3872	188126	775
406	3.29582	4.6363	188409	776
407	2.53894	5.71776	188627	776
408	2.01487	8.1998	188800	776
409	3.20277	3.24465	189075	776
410	4.01813	5.72684	189420	780
411	2.70189	8.91692	189652	780
412	3.59879	3.63388	189961	780
413	2.03811	13.7396	190136	780
414	2.108	7.43777	190317	780
415	2.35261	4.65987	190519	780
416	2.17791	11.3737	190706	780
417	2.17799	9.22843	190893	792
418	2.11965	6.09105	191075	792
419	2.58554	5.18662	191297	792
420	3.02805	10.7851	191557	792
421	4.6469	6.37852	191956	792
422	4.1463	5.09785	192312	792
423	7.43052	9.20355	192950	792
424	8.81668	6.88375	193707	792
425	10.1671	2.94055	194580	792
426	9.3051	9.99451	195379	793
427	8.85126	5.50427	196139	793
428	6.45211	8.54967	196693	796
429	4.23933	3.84258	197057	796
430	4.46063	12.1555	197440	799
431	4.42555	4.60941	197820	799
432	3.92483	7.6236	198157	801
433	3.23777	3.76711	198435	801
434	3.6221	10.4546	198746	822
435	4.55374	12.037	199137	822
436	4.5421	9.06871	199527	822
437	3.44732	4.00268	199823	822
438	2.29433	8.31618	200020	822
439	2.22441	16.5042	200211	830
440	2.37582	10.1138	200415	831
441	2.58548	6.52824	200637	831
442	2.7719	21.3767	200875	831
443	5.49717	11.0469	201347	834
444	7.50019	8.45043	201991	834
445	9.59682	14.0717	202815	834
446	7.89633	7.26991	203493	834
447	7.97777	6.44192	204178	838
448	5.91642	7.38295	204686	838
449	5.15922	6.66183	205129	838
450	7.62858	11.3527	205784	849
451	9.45682	2.45919	206596	919
452	8.57193	3.50076	207332	919
453	6.1962	7.57403	207864	919
454	7.06905	8.87908	208471	919
455	5.18274	3.09228	208916	919
456	8.26908	3.1733	209626	926
457	8.73495	4.18601	210376	929
458	6.73194	3.01375	210954	930
459	6.11427	3.25657	211479	930
460	5.73017	3.24856	211971	930
461	6.02137	5.33004	212488	931
462	9.60841	3.9387	213313	937
463	6.3241	3.00852	213856	937
464	6.03291	5.1978	214374	937
465	5.41559	4.90584	214839	938
466	5.11275	4.12375	215278	938
467	3.7734	5.40099	215602	938
468	4.48385	2.87717	215987	938
469	3.43566	8.21612	216282	938
470	2.37591	4.63382	216486	938
471	3.12124	4.20384	216754	938
472	2.41095	2.81418	216961	939
473	2.28274	4.9277	217157	939
474	2.85331	3.87687	217402	940
475	3.34256	2.66072	217689	940
476	3.21444	3.11195	217965	940
477	4.41421	8.29234	218344	940
478	5.13608	4.10303	218785	940
479	2.79512	6.12631	219025	940
480	2.11963	4.79777	219207	940
481	2.44579	5.14859	219417	940
482	2.15459	8.47698	219602	940
483	3.28434	8.88365	219884	940
484	3.1563	11.0871	220155	940
485	3.75013	5.9934	220477	940
486	3.58714	3.07838	220785	940
487	3.43563	7.59533	221080	940
488	4.01818	3.1796	221425	940
489	3.77343	2.93081	221749	940
490	4.15779	3.80963	222106	940
491	3.48221	3.5194	222405	940
492	3.56385	5.24816	222711	942
493	3.99469	4.66302	223054	942
494	2.73691	7.44158	223289	942
495	2.18952	7.76921	223477	942
496	2.93495	3.82628	223729	942
497	2.27108	3.87996	223924	958
498	2.3642	3.57719	224127	958
499	2.13141	3.94682	224310	977
500	2.03812	4.86661	224485	977
501	2.45743	13.4865	224696	977
502	2.31764	3.30154	224895	977
503	2.64377	4.57538	225122	977
504	3.88988	4.63481	225456	977
505	2.7253	3.46876	225690	977
506	1.97993	4.96359	225860	977
507	2.20123	4.30161	226049	977
508	2.2594	9.07694	226243	977
509	2.52731	8.00217	226460	977
510	2.58546	5.89399	226682	977
511	5.86989	3.75045	227186	977
512	9.18895	5.46016	227975	977
513	10.4819	5.86073	228875	977
514	9.16576	7.17483	229662	979
515	9.73639	9.74662	230498	988
516	9.51525	2.7648	231315	1061
517	6.71993	5.13619	231892	1061
518	3.15624	3.10167	232163	1061
519	2.21282	7.17257	232353	1061
520	2.08469	4.64192	232532	1061
521	3.8783	7.58323	232865	1061
522	4.42546	4.87516	233245	1063
523	3.45902	2.68917	233542	1063
524	4.82177	3.14137	233956	1063
525	7.87273	5.82046	234632	1063
526	10.8894	8.71249	235567	1063
527	9.73635	8.66001	236403	1065
528	8.95634	4.01836	237172	1067
529	11.4018	2.82828	238151	1071
530	10.0625	19.7219	239015	1071
531	8.3158	6.91774	239729	1075
532	8.96774	2.8206	240499	1082
533	11.1111	4.06627	241453	1082
534	7.79106	4.99329	242122	1082
535	4.3208	4.38061	242493	1082
536	4.23935	2.75708	242857	1082
537	4.70524	3.61061	243261	1085
538	2.93491	6.92683	243513	1085
539	2.18956	5.25129	243701	1085
540	2.16622	3.48033	243887	1085
541	2.5622	5.44967	244107	1085
542	2.20123	14.6876	244296	1099
543	2.55049	5.77284	244515	1099
544	2.15468	3.74939	244700	1099
545	2.9233	3.00263	244951	1122
546	4.78668	2.70453	245362	1122
547	6.19599	5.77613	245894	1122
548	6.60354	10.5153	246461	1122
549	7.66319	2.66113	247119	1123
550	9.94583	3.55621	247973	1138
551	6.24232	9.6135	248509	1138
552	5.89314	6.64497	249015	1138
553	7.82663	3.77425	249687	1139
554	7.5936	3.79682	250339	1139
555	8.60686	3.00409	251078	1139
556	5.6719	5.71655	251565	1144
557	4.26282	3.38717	251931	1147
558	2.21282	9.89018	252121	1147
559	3.02813	8.63575	252381	1147
560	2.56226	17.1003	252601	1147
561	4.70521	4.64573	253005	1150
562	4.77506	5.705	253415	1150
563	3.87826	4.9199	253748	1152
564	4.65869	22.4406	254148	1152
565	5.05435	6.8824	254582	1152
566	2.60884	3.77127	254806	1152
567	2.50408	6.45532	255021	1152
568	3.07469	4.0079	255285	1152
569	3.87829	3.68325	255618	1152
570	3.13286	4.24007	255887	1152
571	2.64376	3.79955	256114	1152
572	3.94819	3.61454	256453	1152
573	6.39405	5.18254	257002	1203
574	6.35931	4.82935	257548	1203
575	6.2891	2.15473	258088	1203
576	8.96803	4.57057	258858	1205
577	7.39547	5.25939	259493	1206
578	6.69672	23.7911	260068	1206
579	5.18265	4.29793	260513	1210
580	5.13617	2.92111	260954	1210
581	5.99781	9.36785	261469	1210
582	6.32404	18.3902	262012	1211
583	5.70666	2.8511	262502	1211
584	5.00801	3.87215	262932	1211
585	6.75513	3.91875	263512	1211
586	4.98478	6.3491	263940	1212
587	2.09638	9.07053	264120	1212
588	2.2361	5.19575	264312	1212
589	6.394	3.81936	264861	1212
590	8.45576	7.68841	265587	1215
591	11.0642	4.89605	266537	1215
592	12.4966	6.86815	267610	1222
593	10.4931	3.57942	268511	1225
594	15.7457	72.4834	269863	1236
595	23.3962	90.8774	271872	1536
596	22.3382	145.835	273790	1658
597	22.6164	204.339	275732	1867
598	20.9745	196.77	277533	2237
599	30.066	237.601	280115	3029
600	27.4148	101.169	282469	4074
601	33.4483	187.604	285341	4506
602	33.7409	186.796	288238	5614
603	38.4796	173.135	291542	7255
604	37.2562	166.385	294741	8954
605	29.8814	293.766	297307	9323
606	17.3846	191.711	298800	9844
607	27.4215	408.742	301155	9938
608	41.9718	73.4265	304759	13007
609	38.6169	331.301	308075	14170
610	24.5842	4.52016	310186	15010
