 0 1 36.8 301 Kbits/sec 16 2.83 
 1 2 11.3 92.7 Kbits/sec 3 2.83 
 2 3 7.07 57.9 Kbits/sec 3 1.41 
 3 4 21.2 174 Kbits/sec 7 1.41 
 4 5 25.5 208 Kbits/sec 6 4.24 
 5 6 21.2 174 Kbits/sec 8 1.41 
 6 7 25.5 208 Kbits/sec 7 2.83 
 7 8 181 1.48 Mbits/sec 18 4.24 
 8 9 332 2.72 Mbits/sec 27 2.83 
 9 10 279 2.28 Mbits/sec 28 2.83 
 10 11 250 2.05 Mbits/sec 29 1.41 
 11 12 228 1.86 Mbits/sec 32 4.24 
 12 13 329 2.70 Mbits/sec 35 4.24 
 13 14 354 2.90 Mbits/sec 28 1.41 
 14 15 273 2.24 Mbits/sec 33 5.66 
 15 16 368 3.01 Mbits/sec 39 5.66 
 16 17 375 3.07 Mbits/sec 32 2.83 
 17 18 286 2.34 Mbits/sec 32 2.83 
 18 19 322 2.64 Mbits/sec 30 4.24 
 19 20 277 2.27 Mbits/sec 29 4.24 
 20 21 363 2.98 Mbits/sec 23 4.24 
 21 22 338 2.77 Mbits/sec 32 5.66 
 22 23 279 2.28 Mbits/sec 34 2.83 
 23 24 226 1.85 Mbits/sec 22 4.24 
 24 25 250 2.05 Mbits/sec 25 2.83 
 25 26 267 2.19 Mbits/sec 26 5.66 
 26 27 188 1.54 Mbits/sec 21 4.24 
 27 28 178 1.46 Mbits/sec 19 5.66 
 28 29 69.3 568 Kbits/sec 11 2.83 
 29 30 79.2 649 Kbits/sec 8 4.24 
 30 31.01 112 905 Kbits/sec 10 8.48 
 31.01 32 144 1.19 Mbits/sec 15 4.24 
 32 33 130 1.07 Mbits/sec 20 4.24 
 33 34 211 1.72 Mbits/sec 22 2.83 
 34 35 195 1.60 Mbits/sec 27 4.24 
 35 36 199 1.63 Mbits/sec 24 4.24 
 36 37 178 1.46 Mbits/sec 23 2.83 
 37 38 247 2.03 Mbits/sec 28 5.66 
 38 39 236 1.93 Mbits/sec 32 4.24 
 39 40 206 1.69 Mbits/sec 26 2.83 
 40 41 270 2.21 Mbits/sec 25 4.24 
 41 42 317 2.60 Mbits/sec 25 7.07 
 42 43 204 1.67 Mbits/sec 26 4.24 
 43 44 304 2.49 Mbits/sec 30 2.83 
 44 45 328 2.69 Mbits/sec 33 4.24 
 45 46 188 1.54 Mbits/sec 26 2.83 
 46 47 356 2.92 Mbits/sec 29 4.24 
 47 48 279 2.28 Mbits/sec 25 2.83 
 48 49.01 177 1.43 Mbits/sec 19 5.66 
 49.01 50 206 1.71 Mbits/sec 23 7.07 
 50 51 184 1.51 Mbits/sec 27 1.41 
 51 52 287 2.35 Mbits/sec 24 5.66 
 52 53 247 2.03 Mbits/sec 26 2.83 
 53 54 256 2.10 Mbits/sec 24 5.66 
 54 55 174 1.42 Mbits/sec 23 7.07 
 55 56 208 1.70 Mbits/sec 25 5.66 
 56 57 235 1.92 Mbits/sec 24 5.66 
 57 58 168 1.38 Mbits/sec 18 2.83 
 58 59 167 1.37 Mbits/sec 21 5.66 
 59 60 167 1.37 Mbits/sec 23 5.66 
 60 61 206 1.69 Mbits/sec 31 2.83 
 61 62 137 1.12 Mbits/sec 19 5.66 
 62 63 331 2.71 Mbits/sec 34 4.24 
 63 64 281 2.31 Mbits/sec 28 4.24 
 64 65 211 1.72 Mbits/sec 26 5.66 
 65 66 202 1.66 Mbits/sec 26 2.83 
 66 67 283 2.32 Mbits/sec 28 5.66 
 67 68 281 2.31 Mbits/sec 26 2.83 
 68 69 204 1.67 Mbits/sec 26 5.66 
 69 70 331 2.71 Mbits/sec 30 5.66 
 70 71 206 1.69 Mbits/sec 24 5.66 
 71 72 256 2.10 Mbits/sec 28 5.66 
 72 73 238 1.95 Mbits/sec 28 5.66 
 73 74 230 1.89 Mbits/sec 23 2.83 
 74 75 281 2.30 Mbits/sec 35 4.24 
 75 76 189 1.55 Mbits/sec 29 2.83 
 76 77 229 1.88 Mbits/sec 33 2.83 
 77 78 286 2.34 Mbits/sec 29 7.07 
 78 79 264 2.17 Mbits/sec 32 4.24 
 79 80 359 2.94 Mbits/sec 27 2.83 
 80 81 288 2.36 Mbits/sec 35 4.24 
 81 82 223 1.83 Mbits/sec 27 5.66 
 82 83 281 2.30 Mbits/sec 31 2.83 
 83 84 238 1.95 Mbits/sec 29 4.24 
 84 85 250 2.05 Mbits/sec 27 5.66 
 85 86 296 2.42 Mbits/sec 29 1.41 
 86 87 301 2.47 Mbits/sec 24 2.83 
 87 88 354 2.90 Mbits/sec 31 2.83 
 88 89 334 2.73 Mbits/sec 28 2.83 
 89 90 274 2.25 Mbits/sec 29 1.41 
 90 91 274 2.25 Mbits/sec 34 4.24 
 91 92 315 2.58 Mbits/sec 27 2.83 
 92 93 188 1.54 Mbits/sec 18 2.83 
 93 94 246 2.02 Mbits/sec 26 4.24 
 94 95 291 2.39 Mbits/sec 28 2.83 
 95 96 277 2.27 Mbits/sec 31 2.83 
 96 97 230 1.89 Mbits/sec 29 5.66 
 97 98 284 2.33 Mbits/sec 28 4.24 
 98 99 267 2.19 Mbits/sec 32 4.24 
 99 100.01 221 1.79 Mbits/sec 26 7.07 
 100.01 101 365 3.02 Mbits/sec 28 8.48 
 101 102 327 2.68 Mbits/sec 40 2.83 
 102 103 277 2.27 Mbits/sec 31 4.24 
 103 104 242 1.98 Mbits/sec 26 4.24 
 104 105 154 1.26 Mbits/sec 20 4.24 
 105 106 281 2.31 Mbits/sec 28 4.24 
 106 107 267 2.19 Mbits/sec 30 4.24 
 107 108 211 1.73 Mbits/sec 20 5.66 
 108 109 311 2.55 Mbits/sec 31 5.66 
 109 110 383 3.14 Mbits/sec 34 5.66 
 110 111 195 1.60 Mbits/sec 24 2.83 
 111 112 313 2.56 Mbits/sec 28 4.24 
 112 113 236 1.94 Mbits/sec 28 7.07 
 113 114 293 2.40 Mbits/sec 32 4.24 
 114 115 270 2.21 Mbits/sec 24 8.48 
 115 116 191 1.56 Mbits/sec 26 5.66 
 116 117 327 2.68 Mbits/sec 31 7.07 
 117 118 276 2.26 Mbits/sec 34 5.66 
 118 119 267 2.19 Mbits/sec 31 5.66 
 119 120 332 2.72 Mbits/sec 34 2.83 
 120 121 272 2.22 Mbits/sec 29 2.83 
 121 122 351 2.87 Mbits/sec 38 7.07 
 122 123 185 1.52 Mbits/sec 24 5.66 
 123 124 198 1.62 Mbits/sec 25 4.24 
 124 125 280 2.29 Mbits/sec 24 2.83 
 125 126 266 2.18 Mbits/sec 26 2.83 
 126 127 281 2.30 Mbits/sec 25 2.83 
 127 128 277 2.27 Mbits/sec 34 2.83 
 128 129 212 1.74 Mbits/sec 25 7.07 
 129 130 314 2.57 Mbits/sec 33 7.07 
 130 131 284 2.33 Mbits/sec 37 4.24 
 131 132 355 2.91 Mbits/sec 38 2.83 
 132 133 253 2.07 Mbits/sec 33 4.24 
 133 134 342 2.80 Mbits/sec 29 5.66 
 134 135 413 3.38 Mbits/sec 31 5.66 
 135 136 215 1.76 Mbits/sec 21 5.66 
 136 137 264 2.17 Mbits/sec 28 1.41 
 137 138 296 2.42 Mbits/sec 31 4.24 
 138 139 393 3.22 Mbits/sec 23 8.48 
 139 140 382 3.13 Mbits/sec 36 2.83 
 140 141 385 3.15 Mbits/sec 30 2.83 
 141 142 262 2.14 Mbits/sec 23 2.83 
 142 143 204 1.67 Mbits/sec 28 4.24 
 143 144 270 2.21 Mbits/sec 24 5.66 
 144 145 141 1.16 Mbits/sec 22 2.83 
 145 146 105 858 Kbits/sec 16 4.24 
 146 147 197 1.61 Mbits/sec 15 2.83 
 147 148 283 2.32 Mbits/sec 23 7.07 
 148 149 253 2.07 Mbits/sec 30 5.66 
 149 150 250 2.05 Mbits/sec 22 2.83 
 150 151 296 2.42 Mbits/sec 30 5.66 
 151 152 263 2.15 Mbits/sec 36 4.24 
 152 153 246 2.02 Mbits/sec 33 2.83 
 153 154 250 2.05 Mbits/sec 28 1.41 
 154 155 259 2.12 Mbits/sec 29 7.07 
 155 156 247 2.03 Mbits/sec 18 2.83 
 156 157 263 2.15 Mbits/sec 24 5.66 
 157 158 257 2.11 Mbits/sec 31 8.48 
 158 159 358 2.93 Mbits/sec 39 8.48 
 159 160 287 2.35 Mbits/sec 37 2.83 
 160 161 245 2 Mbits/sec 33 5.66 
 161 162 314 2.57 Mbits/sec 34 7.07 
 162 163 300 2.46 Mbits/sec 34 4.24 
 163 164 272 2.22 Mbits/sec 27 7.07 
 164 165 406 3.32 Mbits/sec 32 5.66 
 165 166 375 3.07 Mbits/sec 31 7.07 
 166 167 245 2 Mbits/sec 26 2.83 
 167 168 239 1.96 Mbits/sec 30 4.24 
 168 169 259 2.12 Mbits/sec 29 5.66 
 169 170 253 2.07 Mbits/sec 28 7.07 
 170 171 284 2.33 Mbits/sec 32 5.66 
 171 172 246 2.01 Mbits/sec 31 4.24 
 172 173 259 2.12 Mbits/sec 25 5.66 
 173 174 250 2.05 Mbits/sec 28 4.24 
 174 175 240 1.97 Mbits/sec 25 5.66 
 175 176 307 2.51 Mbits/sec 34 7.07 
 176 177 331 2.71 Mbits/sec 30 4.24 
 177 178 270 2.21 Mbits/sec 32 1.41 
 178 179 329 2.70 Mbits/sec 31 5.66 
 179 180 246 2.02 Mbits/sec 27 2.83 
 180 181 189 1.55 Mbits/sec 27 5.66 
 181 182 272 2.22 Mbits/sec 29 2.83 
 182 183 262 2.14 Mbits/sec 27 4.24 
 183 184 311 2.55 Mbits/sec 26 5.66 
 184 185 264 2.16 Mbits/sec 29 7.07 
 185 186 273 2.24 Mbits/sec 30 2.83 
 186 187 324 2.65 Mbits/sec 29 8.48 
 187 188 332 2.72 Mbits/sec 33 2.83 
 188 189 236 1.94 Mbits/sec 27 7.07 
 189 190 322 2.64 Mbits/sec 25 5.66 
 190 191 288 2.36 Mbits/sec 31 4.24 
 191 192 185 1.52 Mbits/sec 22 4.24 
 192 193 147 1.21 Mbits/sec 21 2.83 
 193 194 230 1.89 Mbits/sec 20 4.24 
 194 195 250 2.05 Mbits/sec 29 2.83 
 195 196 202 1.66 Mbits/sec 25 4.24 
 196 197 178 1.46 Mbits/sec 22 4.24 
 197 198 246 2.02 Mbits/sec 30 7.07 
 198 199 187 1.53 Mbits/sec 24 4.24 
 199 200 256 2.10 Mbits/sec 23 1.41 
 200 201 201 1.65 Mbits/sec 26 4.24 
 201 202 222 1.82 Mbits/sec 29 5.66 
 202 203 286 2.34 Mbits/sec 26 5.66 
 203 204 315 2.58 Mbits/sec 34 4.24 
 204 205 291 2.39 Mbits/sec 29 2.83 
 205 206 327 2.67 Mbits/sec 32 2.83 
 206 207 294 2.41 Mbits/sec 35 2.83 
 207 208 225 1.84 Mbits/sec 22 5.66 
 208 209 257 2.11 Mbits/sec 28 7.07 
 209 210 308 2.53 Mbits/sec 31 2.83 
 210 211 240 1.97 Mbits/sec 26 5.66 
 211 212 338 2.77 Mbits/sec 36 5.66 
 212 213 257 2.11 Mbits/sec 33 7.07 
 213 214 318 2.61 Mbits/sec 31 2.83 
 214 215 260 2.13 Mbits/sec 41 2.83 
 215 216 315 2.58 Mbits/sec 31 2.83 
 216 217 320 2.62 Mbits/sec 28 4.24 
 217 218 222 1.82 Mbits/sec 20 4.24 
 218 219 297 2.43 Mbits/sec 29 1.41 
 219 220 223 1.83 Mbits/sec 25 2.83 
 220 221 288 2.36 Mbits/sec 23 2.83 
 221 222 277 2.27 Mbits/sec 27 2.83 
 222 223 296 2.42 Mbits/sec 30 7.07 
 223 224 342 2.81 Mbits/sec 36 7.07 
 224 225 310 2.54 Mbits/sec 34 2.83 
 225 226 317 2.59 Mbits/sec 30 2.83 
 226 227 313 2.56 Mbits/sec 27 2.83 
 227 228 259 2.12 Mbits/sec 18 8.48 
 228 229 206 1.69 Mbits/sec 27 5.66 
 229 230 291 2.39 Mbits/sec 23 7.07 
 230 231 178 1.46 Mbits/sec 23 5.66 
 231 232 368 3.01 Mbits/sec 36 1.41 
 232 233 334 2.73 Mbits/sec 33 7.07 
 233 234 349 2.86 Mbits/sec 31 4.24 
 234 235 311 2.55 Mbits/sec 30 4.24 
 235 236 308 2.53 Mbits/sec 26 2.83 
 236 237 308 2.53 Mbits/sec 31 7.07 
 237 238 291 2.39 Mbits/sec 38 4.24 
 238 239 308 2.52 Mbits/sec 30 4.24 
 239 240 358 2.93 Mbits/sec 28 4.24 
 240 241 328 2.69 Mbits/sec 29 4.24 
 241 242 313 2.56 Mbits/sec 34 5.66 
 242 243 259 2.12 Mbits/sec 32 4.24 
 243 244 260 2.13 Mbits/sec 29 7.07 
 244 245 252 2.06 Mbits/sec 32 4.24 
 245 246 280 2.29 Mbits/sec 38 1.41 
 246 247 255 2.09 Mbits/sec 27 2.83 
 247 248 205 1.68 Mbits/sec 22 4.24 
 248 249 256 2.10 Mbits/sec 31 2.83 
 249 250 143 1.17 Mbits/sec 16 4.24 
 250 251 247 2.03 Mbits/sec 30 2.83 
 251 252 274 2.25 Mbits/sec 31 4.24 
 252 253 218 1.78 Mbits/sec 29 2.83 
 253 254 284 2.33 Mbits/sec 26 8.48 
 254 255 257 2.11 Mbits/sec 25 4.24 
 255 256 195 1.60 Mbits/sec 26 4.24 
 256 257 301 2.47 Mbits/sec 34 4.24 
 257 258 277 2.27 Mbits/sec 25 5.66 
 258 259 349 2.86 Mbits/sec 30 2.83 
 259 260 318 2.61 Mbits/sec 31 2.83 
 260 261 337 2.76 Mbits/sec 27 4.24 
 261 262 235 1.92 Mbits/sec 21 7.07 
 262 263 199 1.63 Mbits/sec 29 4.24 
 263 264 279 2.28 Mbits/sec 25 4.24 
 264 265 209 1.71 Mbits/sec 22 1.41 
 265 266 342 2.80 Mbits/sec 27 7.07 
 266 267 320 2.62 Mbits/sec 30 7.07 
 267 268 317 2.60 Mbits/sec 38 4.24 
 268 269 277 2.27 Mbits/sec 29 2.83 
 269 270 236 1.93 Mbits/sec 30 2.83 
 270 271 247 2.03 Mbits/sec 26 4.24 
 271 272 279 2.28 Mbits/sec 24 5.66 
 272 273 260 2.13 Mbits/sec 26 7.07 
 273 274 252 2.06 Mbits/sec 27 2.83 
 274 275 257 2.11 Mbits/sec 31 5.66 
 275 276 273 2.24 Mbits/sec 33 5.66 
 276 277 238 1.95 Mbits/sec 26 2.83 
 277 278 115 938 Kbits/sec 19 5.66 
 278 279 252 2.06 Mbits/sec 22 2.83 
 279 280.01 264 2.14 Mbits/sec 30 2.83 
 280.01 281 314 2.60 Mbits/sec 30 4.24 
 281 282 238 1.95 Mbits/sec 22 7.07 
 282 283 315 2.58 Mbits/sec 30 5.66 
 283 284 263 2.16 Mbits/sec 27 7.07 
 284 285 338 2.77 Mbits/sec 32 2.83 
 285 286 307 2.51 Mbits/sec 30 2.83 
 286 287 331 2.71 Mbits/sec 35 7.07 
 287 288 329 2.70 Mbits/sec 40 7.07 
 288 289 291 2.39 Mbits/sec 26 4.24 
 289 290 365 2.99 Mbits/sec 24 5.66 
 290 291 339 2.78 Mbits/sec 33 5.66 
 291 292 287 2.35 Mbits/sec 27 2.83 
 292 293 321 2.63 Mbits/sec 29 8.48 
 293 294 325 2.66 Mbits/sec 28 5.66 
 294 295 294 2.41 Mbits/sec 28 7.07 
 295 296 304 2.49 Mbits/sec 32 5.66 
 296 297 305 2.50 Mbits/sec 31 7.07 
 297 298 230 1.89 Mbits/sec 28 2.83 
 298 299 387 3.17 Mbits/sec 33 4.24 
 299 300 250 2.05 Mbits/sec 29 2.83 
 300 301 269 2.20 Mbits/sec 29 4.24 
 301 302 311 2.55 Mbits/sec 20 5.66 
 302 303 154 1.26 Mbits/sec 26 2.83 
 303 304 263 2.15 Mbits/sec 24 4.24 
 304 305 253 2.07 Mbits/sec 30 2.83 
 305 306 232 1.90 Mbits/sec 23 5.66 
 306 307 126 1.03 Mbits/sec 23 2.83 
 307 308 267 2.19 Mbits/sec 30 4.24 
 308 309 308 2.52 Mbits/sec 28 7.07 
 309 310 348 2.85 Mbits/sec 35 4.24 
 310 311 270 2.21 Mbits/sec 35 5.66 
 311 312 266 2.18 Mbits/sec 34 4.24 
 312 313 256 2.10 Mbits/sec 24 4.24 
 313 314 344 2.81 Mbits/sec 30 5.66 
 314 315 322 2.64 Mbits/sec 31 7.07 
 315 316 283 2.32 Mbits/sec 27 2.83 
 316 317 151 1.24 Mbits/sec 19 2.83 
 317 318 269 2.20 Mbits/sec 34 5.66 
 318 319 273 2.24 Mbits/sec 31 2.83 
 319 320 262 2.14 Mbits/sec 32 5.66 
 320 321 230 1.89 Mbits/sec 32 4.24 
 321 322 242 1.98 Mbits/sec 27 4.24 
 322 323 291 2.39 Mbits/sec 35 5.66 
 323 324 242 1.98 Mbits/sec 23 5.66 
 324 325 177 1.45 Mbits/sec 25 4.24 
 325 326 276 2.26 Mbits/sec 27 8.48 
 326 327 274 2.25 Mbits/sec 34 4.24 
 327 328 288 2.36 Mbits/sec 33 2.83 
 328 329 284 2.33 Mbits/sec 35 2.83 
 329 330 329 2.70 Mbits/sec 34 2.83 
 330 331 243 1.99 Mbits/sec 24 8.48 
 331 332 331 2.71 Mbits/sec 31 5.66 
 332 333 235 1.92 Mbits/sec 22 4.24 
 333 334 215 1.76 Mbits/sec 29 2.83 
 334 335 165 1.36 Mbits/sec 27 2.83 
 335 336 211 1.72 Mbits/sec 23 2.83 
 336 337 229 1.88 Mbits/sec 23 2.83 
 337 338 173 1.42 Mbits/sec 26 4.24 
 338 339 256 2.10 Mbits/sec 28 2.83 
 339 340 266 2.18 Mbits/sec 27 2.83 
 340 341 314 2.57 Mbits/sec 27 2.83 
 341 342 274 2.24 Mbits/sec 26 2.83 
 342 343 233 1.91 Mbits/sec 31 4.24 
 343 344 222 1.82 Mbits/sec 28 5.66 
 344 345 256 2.10 Mbits/sec 28 2.83 
 345 346 280 2.29 Mbits/sec 30 4.24 
 346 347 321 2.63 Mbits/sec 34 4.24 
 347 348 329 2.70 Mbits/sec 32 8.48 
 348 349 242 1.98 Mbits/sec 29 4.24 
 349 350 208 1.70 Mbits/sec 29 2.83 
 350 351 262 2.14 Mbits/sec 32 7.07 
 351 352 223 1.83 Mbits/sec 30 4.24 
 352 353 315 2.58 Mbits/sec 26 7.07 
 353 354 205 1.68 Mbits/sec 29 4.24 
 354 355 219 1.80 Mbits/sec 24 2.83 
 355 356 233 1.91 Mbits/sec 28 4.24 
 356 357 291 2.39 Mbits/sec 30 4.24 
 357 358 314 2.57 Mbits/sec 31 5.66 
 358 359 308 2.53 Mbits/sec 31 5.66 
 359 360 232 1.90 Mbits/sec 25 2.83 
 360 361 205 1.68 Mbits/sec 24 2.83 
 361 362 277 2.27 Mbits/sec 28 9.90 
 362 363 262 2.14 Mbits/sec 30 2.83 
 363 364 249 2.04 Mbits/sec 27 2.83 
 364 365 250 2.05 Mbits/sec 34 2.83 
 365 366 270 2.21 Mbits/sec 34 4.24 
 366 367 218 1.78 Mbits/sec 30 7.07 
 367 368 243 1.99 Mbits/sec 24 2.83 
 368 369 383 3.14 Mbits/sec 30 8.48 
 369 370 338 2.77 Mbits/sec 33 4.24 
 370 371 256 2.10 Mbits/sec 27 4.24 
 371 372 273 2.24 Mbits/sec 33 2.83 
 372 373 249 2.04 Mbits/sec 28 2.83 
 373 374 308 2.53 Mbits/sec 29 8.48 
 374 375 327 2.68 Mbits/sec 30 5.66 
 375 376 352 2.89 Mbits/sec 26 8.48 
 376 377 263 2.15 Mbits/sec 26 5.66 
 377 378 170 1.39 Mbits/sec 27 2.83 
 378 379 134 1.10 Mbits/sec 16 4.24 
 379 380 253 2.07 Mbits/sec 24 2.83 
 380 381 284 2.33 Mbits/sec 31 7.07 
 381 382 262 2.14 Mbits/sec 34 2.83 
 382 383 250 2.05 Mbits/sec 29 2.83 
 383 384 262 2.14 Mbits/sec 28 5.66 
 384 385.01 320 2.58 Mbits/sec 36 4.24 
 385.01 386 320 2.65 Mbits/sec 29 5.66 
 386 387 256 2.10 Mbits/sec 39 2.83 
 387 388 225 1.84 Mbits/sec 26 4.24 
 388 389 331 2.71 Mbits/sec 38 2.83 
 389 390 307 2.51 Mbits/sec 26 4.24 
 390 391 314 2.57 Mbits/sec 32 5.66 
 391 392 317 2.59 Mbits/sec 37 2.83 
 392 393 202 1.66 Mbits/sec 20 7.07 
 393 394 195 1.60 Mbits/sec 19 5.66 
 394 395 206 1.69 Mbits/sec 28 2.83 
 395 396 276 2.26 Mbits/sec 27 4.24 
 396 397 182 1.49 Mbits/sec 29 4.24 
 397 398 281 2.30 Mbits/sec 24 4.24 
 398 399 262 2.14 Mbits/sec 31 2.83 
 399 400 218 1.78 Mbits/sec 30 2.83 
 400 401 144 1.18 Mbits/sec 20 4.24 
 401 402 97.6 799 Kbits/sec 16 4.24 
 402 403 153 1.25 Mbits/sec 25 2.83 
 403 404 174 1.42 Mbits/sec 16 4.24 
 404 405 320 2.62 Mbits/sec 27 7.07 
 405 406 283 2.32 Mbits/sec 32 2.83 
 406 407 308 2.52 Mbits/sec 33 4.24 
 407 408 277 2.27 Mbits/sec 29 5.66 
 408 409 303 2.48 Mbits/sec 34 4.24 
 409 410 255 2.08 Mbits/sec 28 5.66 
 410 411 219 1.80 Mbits/sec 29 8.48 
 411 412 267 2.19 Mbits/sec 34 4.24 
 412 413 187 1.53 Mbits/sec 21 2.83 
 413 414 229 1.88 Mbits/sec 23 5.66 
 414 415 270 2.21 Mbits/sec 37 4.24 
 415 416 318 2.61 Mbits/sec 29 2.83 
 416 417 112 915 Kbits/sec 22 5.66 
 417 418 177 1.45 Mbits/sec 25 2.83 
 418 419 146 1.19 Mbits/sec 20 2.83 
 419 420 168 1.38 Mbits/sec 18 5.66 
 420 421 148 1.22 Mbits/sec 20 2.83 
 421 422 133 1.09 Mbits/sec 20 5.66 
 422 423 126 1.03 Mbits/sec 27 2.83 
 423 424 153 1.25 Mbits/sec 25 2.83 
 424 425 174 1.43 Mbits/sec 22 5.66 
 425 426 134 1.10 Mbits/sec 20 2.83 
 426 427 157 1.29 Mbits/sec 25 5.66 
 427 428 177 1.45 Mbits/sec 34 2.83 
 428 429 257 2.11 Mbits/sec 27 4.24 
 429 430 346 2.84 Mbits/sec 31 7.07 
 430 431 358 2.93 Mbits/sec 28 5.66 
 431 432 310 2.54 Mbits/sec 30 2.83 
 432 433 235 1.92 Mbits/sec 33 2.83 
 433 434 229 1.88 Mbits/sec 26 1.41 
 434 435 129 1.05 Mbits/sec 23 2.83 
 435 436 180 1.47 Mbits/sec 27 5.66 
 436 437 209 1.72 Mbits/sec 25 7.07 
 437 438 253 2.07 Mbits/sec 34 2.83 
 438 439 175 1.44 Mbits/sec 28 2.83 
 439 440 195 1.60 Mbits/sec 28 2.83 
 440 441 198 1.62 Mbits/sec 28 4.24 
 441 442 209 1.71 Mbits/sec 23 4.24 
 442 443 89.1 730 Kbits/sec 23 2.83 
 443 444 117 962 Kbits/sec 22 2.83 
 444 445 158 1.30 Mbits/sec 20 4.24 
 445 446 205 1.68 Mbits/sec 19 4.24 
 446 447 232 1.90 Mbits/sec 27 4.24 
 447 448 174 1.43 Mbits/sec 22 2.83 
 448 449 277 2.27 Mbits/sec 30 4.24 
 449 450 232 1.90 Mbits/sec 25 2.83 
 450 451 184 1.50 Mbits/sec 22 4.24 
 451 452 160 1.31 Mbits/sec 16 4.24 
 452 453 317 2.59 Mbits/sec 26 2.83 
 453 454 253 2.07 Mbits/sec 28 2.83 
 454 455 212 1.74 Mbits/sec 25 4.24 
 455 456 141 1.16 Mbits/sec 23 1.41 
 456 457 245 2 Mbits/sec 26 5.66 
 457 458 246 2.02 Mbits/sec 39 2.83 
 458 459 369 3.02 Mbits/sec 33 5.66 
 459 460 293 2.40 Mbits/sec 36 2.83 
 460 461 205 1.68 Mbits/sec 24 2.83 
 461 462 307 2.51 Mbits/sec 29 4.24 
 462 463 296 2.42 Mbits/sec 29 5.66 
 463 464 317 2.59 Mbits/sec 25 5.66 
 464 465 146 1.19 Mbits/sec 24 2.83 
 465 466 177 1.45 Mbits/sec 31 2.83 
 466 467 300 2.45 Mbits/sec 29 4.24 
 467 468 276 2.26 Mbits/sec 26 4.24 
 468 469 242 1.98 Mbits/sec 28 2.83 
 469 470 229 1.88 Mbits/sec 26 2.83 
 470 471 328 2.69 Mbits/sec 30 5.66 
 471 472 240 1.97 Mbits/sec 26 4.24 
 472 473 255 2.09 Mbits/sec 33 4.24 
 473 474 229 1.88 Mbits/sec 24 2.83 
 474 475 232 1.90 Mbits/sec 25 7.07 
 475 476 204 1.67 Mbits/sec 22 7.07 
 476 477 293 2.40 Mbits/sec 32 8.48 
 477 478 256 2.10 Mbits/sec 31 8.48 
 478 479 358 2.93 Mbits/sec 36 8.48 
 479 480 260 2.13 Mbits/sec 32 2.83 
 480 481 211 1.73 Mbits/sec 29 5.66 
 481 482 269 2.20 Mbits/sec 30 4.24 
 482 483 110 904 Kbits/sec 19 2.83 
 483 484 228 1.86 Mbits/sec 28 2.83 
 484 485 202 1.66 Mbits/sec 25 4.24 
 485 486 232 1.90 Mbits/sec 24 4.24 
 486 487 216 1.77 Mbits/sec 25 2.83 
 487 488 175 1.44 Mbits/sec 23 2.83 
 488 489 304 2.49 Mbits/sec 31 7.07 
 489 490 373 3.06 Mbits/sec 37 5.66 
 490 491 222 1.82 Mbits/sec 29 2.83 
 491 492 318 2.61 Mbits/sec 34 4.24 
 492 493 255 2.09 Mbits/sec 27 2.83 
 493 494 144 1.18 Mbits/sec 23 4.24 
 494 495 223 1.83 Mbits/sec 20 5.66 
 495 496 329 2.70 Mbits/sec 30 8.48 
 496 497 301 2.47 Mbits/sec 29 4.24 
 497 498 315 2.58 Mbits/sec 27 2.83 
 498 499 342 2.80 Mbits/sec 21 2.83 
 499 500 192 1.58 Mbits/sec 25 5.66 
 500 501 154 1.26 Mbits/sec 22 5.66 
 501 502 249 2.04 Mbits/sec 25 2.83 
 502 503 345 2.82 Mbits/sec 35 7.07 
 503 504 327 2.68 Mbits/sec 36 2.83 
 504 505 296 2.42 Mbits/sec 33 4.24 
 505 506 274 2.25 Mbits/sec 22 2.83 
 506 507 339 2.78 Mbits/sec 34 7.07 
 507 508 287 2.35 Mbits/sec 34 4.24 
 508 509 283 2.32 Mbits/sec 33 1.41 
 509 510 168 1.38 Mbits/sec 27 2.83 
 510 511 174 1.43 Mbits/sec 24 4.24 
 511 512 223 1.83 Mbits/sec 23 4.24 
 512 513 188 1.54 Mbits/sec 22 4.24 
 513 514 156 1.27 Mbits/sec 29 2.83 
 514 515 146 1.20 Mbits/sec 22 4.24 
 515 516 192 1.57 Mbits/sec 21 4.24 
 516 517 225 1.85 Mbits/sec 25 7.07 
 517 518 368 3.01 Mbits/sec 31 5.66 
 518 519 296 2.42 Mbits/sec 37 4.24 
 519 520 153 1.25 Mbits/sec 17 7.07 
 520 521 127 1.04 Mbits/sec 23 1.41 
 521 522 276 2.26 Mbits/sec 27 2.83 
 522 523 187 1.53 Mbits/sec 22 7.07 
 523 524 192 1.58 Mbits/sec 28 4.24 
 524 525 236 1.94 Mbits/sec 26 4.24 
 525 526 229 1.88 Mbits/sec 25 2.83 
 526 527 236 1.93 Mbits/sec 24 2.83 
 527 528 279 2.28 Mbits/sec 28 4.24 
 528 529 219 1.79 Mbits/sec 26 5.66 
 529 530 177 1.45 Mbits/sec 27 2.83 
 530 531 222 1.82 Mbits/sec 24 5.66 
 531 532 202 1.66 Mbits/sec 23 5.66 
 532 533 260 2.13 Mbits/sec 25 7.07 
 533 534 239 1.96 Mbits/sec 35 2.83 
 534 535 311 2.55 Mbits/sec 30 2.83 
 535 536 300 2.45 Mbits/sec 35 2.83 
 536 537 194 1.59 Mbits/sec 22 7.07 
 537 538 337 2.76 Mbits/sec 33 2.83 
 538 539 344 2.81 Mbits/sec 34 7.07 
 539 540 180 1.47 Mbits/sec 26 2.83 
 540 541 148 1.22 Mbits/sec 23 5.66 
 541 542 310 2.54 Mbits/sec 37 4.24 
 542 543 230 1.89 Mbits/sec 24 7.07 
 543 544 280 2.29 Mbits/sec 29 5.66 
 544 545 334 2.73 Mbits/sec 28 7.07 
 545 546 368 3.01 Mbits/sec 33 5.66 
 546 547 147 1.20 Mbits/sec 18 8.48 
 547 548 198 1.62 Mbits/sec 25 4.24 
 548 549 184 1.51 Mbits/sec 26 4.24 
 549 550 168 1.38 Mbits/sec 23 2.83 
 550 551 191 1.56 Mbits/sec 23 2.83 
 551 552 300 2.46 Mbits/sec 26 5.66 
 552 553 283 2.32 Mbits/sec 36 5.66 
 553 554 321 2.63 Mbits/sec 31 2.83 
 554 555 307 2.51 Mbits/sec 30 4.24 
 555 556 307 2.52 Mbits/sec 28 2.83 
 556 557 339 2.78 Mbits/sec 37 5.66 
 557 558 273 2.24 Mbits/sec 31 2.83 
 558 559 235 1.92 Mbits/sec 35 2.83 
 559 560 270 2.21 Mbits/sec 28 5.66 
 560 561 226 1.85 Mbits/sec 25 7.07 
 561 562 189 1.55 Mbits/sec 31 4.24 
 562 563 181 1.48 Mbits/sec 22 2.83 
 563 564 305 2.50 Mbits/sec 32 2.83 
 564 565 291 2.39 Mbits/sec 31 4.24 
 565 566 293 2.40 Mbits/sec 29 2.83 
 566 567 280 2.29 Mbits/sec 24 4.24 
 567 568 308 2.53 Mbits/sec 31 4.24 
 568 569 354 2.90 Mbits/sec 35 4.24 
 569 570 276 2.26 Mbits/sec 32 2.83 
 570 571 132 1.08 Mbits/sec 19 4.24 
 571 572 303 2.48 Mbits/sec 30 4.24 
 572 573 180 1.47 Mbits/sec 25 5.66 
 573 574 222 1.82 Mbits/sec 25 4.24 
 574 575 246 2.02 Mbits/sec 31 1.41 
 575 576 256 2.10 Mbits/sec 32 4.24 
 576 577 239 1.96 Mbits/sec 27 7.07 
 577 578 235 1.92 Mbits/sec 32 5.66 
 578 579 180 1.47 Mbits/sec 25 4.24 
 579 580 288 2.36 Mbits/sec 31 4.24 
 580 581 264 2.16 Mbits/sec 27 4.24 
 581 582 218 1.78 Mbits/sec 26 2.83 
 582 583 218 1.78 Mbits/sec 25 4.24 
 583 584 223 1.83 Mbits/sec 26 2.83 
 584 585 331 2.71 Mbits/sec 31 5.66 
 585 586 293 2.40 Mbits/sec 25 4.24 
 586 587 288 2.36 Mbits/sec 38 4.24 
 587 588 276 2.26 Mbits/sec 25 2.83 
 588 589 313 2.56 Mbits/sec 27 2.83 
 589 590 257 2.11 Mbits/sec 34 5.66 
 590 591 188 1.54 Mbits/sec 28 2.83 
 591 592.01 178 1.44 Mbits/sec 22 5.66 
 592.01 593 185 1.54 Mbits/sec 25 5.66 
 593 594 212 1.74 Mbits/sec 29 2.83 
 594 595 113 927 Kbits/sec 8 5.66 
 595 596 116 950 Kbits/sec 8 4.24 
 596 597 113 927 Kbits/sec 8 8.48 
 597 598 69.3 567 Kbits/sec 7 2.83 
 598 599 39.6 325 Kbits/sec 8 2.83 
 599 600 18.4 151 Kbits/sec 0 4.24 


