0 1 86.3 706 Kbits/sec 254.24 
1 2 39.6 324 Kbits/sec 82.83 
2 3 58.0 475 Kbits/sec 75.66 
3 4 492 4.03 Mbits/sec 314.24 
4 5 419 3.43 Mbits/sec 305.66 
5 6 395 3.23 Mbits/sec 434.24 
6 7 421 3.45 Mbits/sec 374.24 
7 8 300 2.46 Mbits/sec 287.07 
8 9 341 2.79 Mbits/sec 392.83 
9 10 375 3.07 Mbits/sec 315.66 
10 11 317 2.60 Mbits/sec 354.24 
11 12 410 3.36 Mbits/sec 362.83 
12 13 351 2.87 Mbits/sec 354.24 
13 14 267 2.19 Mbits/sec 264.24 
14 15 386 3.16 Mbits/sec 374.24 
15 16 447 3.66 Mbits/sec 374.24 
16 17 434 3.55 Mbits/sec 435.66 
17 18 208 1.70 Mbits/sec 202.83 
18 19 243 1.99 Mbits/sec 125.66 
19 20 297 2.43 Mbits/sec 314.24 
20 21 426 3.49 Mbits/sec 384.24 
21 22 407 3.34 Mbits/sec 325.66 
22 23 235 1.92 Mbits/sec 274.24 
23 24 373 3.06 Mbits/sec 312.83 
24 25 307 2.51 Mbits/sec 362.83 
25 26 352 2.88 Mbits/sec 305.66 
26 27 279 2.28 Mbits/sec 375.66 
27 28 373 3.06 Mbits/sec 364.24 
28 29 430 3.52 Mbits/sec 334.24 
29 30 317 2.59 Mbits/sec 222.83 
30 31 286 2.34 Mbits/sec 232.83 
31 32 239 1.96 Mbits/sec 292.83 
32 33 305 2.50 Mbits/sec 205.66 
33 34 428 3.51 Mbits/sec 282.83 
34 35 390 3.20 Mbits/sec 315.66 
35 36 380 3.12 Mbits/sec 391.41 
36 37 260 2.13 Mbits/sec 252.83 
37 38 414 3.39 Mbits/sec 308.48 
38 39 235 1.92 Mbits/sec 302.83 
39 40 339 2.78 Mbits/sec 322.83 
40 41 281 2.31 Mbits/sec 222.83 
41 42 380 3.12 Mbits/sec 331.41 
42 43 345 2.83 Mbits/sec 354.24 
43 44 352 2.89 Mbits/sec 365.66 
44 45 375 3.07 Mbits/sec 344.24 
45 46 450 3.68 Mbits/sec 297.07 
46 47 474 3.88 Mbits/sec 314.24 
47 48 397 3.26 Mbits/sec 374.24 
48 49 395 3.23 Mbits/sec 344.24 
49 50 424 3.48 Mbits/sec 372.83 
50 51 443 3.62 Mbits/sec 334.24 
51 52 311 2.55 Mbits/sec 284.24 
52 53 318 2.61 Mbits/sec 285.66 
53 54 259 2.12 Mbits/sec 275.66 
54 55 277 2.27 Mbits/sec 297.07 
55 56 317 2.60 Mbits/sec 324.24 
56 57 352 2.88 Mbits/sec 265.66 
57 58 245 2 Mbits/sec 294.24 
58 59 232 1.90 Mbits/sec 258.48 
59 60 363 2.98 Mbits/sec 312.83 
60 61 219 1.80 Mbits/sec 204.24 
61 62 184 1.51 Mbits/sec 224.24 
62 63 288 2.36 Mbits/sec 199.90 
63 64 322 2.64 Mbits/sec 314.24 
64 65 232 1.90 Mbits/sec 215.66 
65 66 214 1.75 Mbits/sec 255.66 
66 67 378 3.09 Mbits/sec 282.83 
67 68 291 2.39 Mbits/sec 322.83 
68 69 211 1.73 Mbits/sec 195.66 
69 70 390 3.20 Mbits/sec 465.66 
70 71 467 3.82 Mbits/sec 397.07 
71 72 472 3.87 Mbits/sec 437.07 
72 73 397 3.25 Mbits/sec 295.66 
73 74 413 3.39 Mbits/sec 385.66 
74 75 438 3.59 Mbits/sec 327.07 
75 76 269 2.20 Mbits/sec 225.66 
76 77 420 3.44 Mbits/sec 362.83 
77 78 233 1.91 Mbits/sec 275.66 
78 79 256 2.10 Mbits/sec 324.24 
79 80 378 3.09 Mbits/sec 334.24 
80 81 390 3.20 Mbits/sec 284.24 
81 82 430 3.52 Mbits/sec 432.83 
82 83 317 2.59 Mbits/sec 292.83 
83 84 461 3.78 Mbits/sec 357.07 
84 85 488 4 Mbits/sec 394.24 
85 86 375 3.07 Mbits/sec 354.24 
86 87 361 2.96 Mbits/sec 404.24 
87 88 430 3.52 Mbits/sec 384.24 
88 89 366 3 Mbits/sec 404.24 
89 90 380 3.12 Mbits/sec 365.66 
90 91 242 1.98 Mbits/sec 282.83 
91 92 313 2.56 Mbits/sec 375.66 
92 93 386 3.16 Mbits/sec 355.66 
93 94 308 2.52 Mbits/sec 322.83 
94 95 344 2.82 Mbits/sec 364.24 
95 96 428 3.51 Mbits/sec 324.24 
96 97 457 3.74 Mbits/sec 327.07 
97 98 455 3.73 Mbits/sec 365.66 
98 99 355 2.91 Mbits/sec 432.83 
99 100 315 2.58 Mbits/sec 322.83 
100 101 356 2.92 Mbits/sec 317.07 
101 102 363 2.98 Mbits/sec 275.66 
102 103 303 2.48 Mbits/sec 255.66 
103 104 315 2.58 Mbits/sec 328.48 
104 105 206 1.69 Mbits/sec 345.66 
105 106 270 2.21 Mbits/sec 372.83 
106 107 133 1.09 Mbits/sec 224.24 
107 108 226 1.85 Mbits/sec 172.83 
108 109 273 2.24 Mbits/sec 285.66 
109 110 266 2.18 Mbits/sec 192.83 
110 111 273 2.24 Mbits/sec 262.83 
111 112 202 1.66 Mbits/sec 282.83 
112 113 346 2.84 Mbits/sec 247.07 
113 114 264 2.17 Mbits/sec 241.41 
114 115 314 2.57 Mbits/sec 322.83 
115 116 324 2.65 Mbits/sec 237.07 
116 117 298 2.45 Mbits/sec 334.24 
117 118 288 2.36 Mbits/sec 311.41 
118 119 296 2.42 Mbits/sec 222.83 
119 120 270 2.21 Mbits/sec 184.24 
120 121 53.7 440 Kbits/sec 25.66 
121 122 113 927 Kbits/sec 28.48 
122 123 195 1.60 Mbits/sec 224.24 
123 124 267 2.19 Mbits/sec 251.41 
124 125 379 3.11 Mbits/sec 305.66 
125 126 450 3.68 Mbits/sec 248.48 
126 127 240 1.97 Mbits/sec 215.66 
127 128 204 1.67 Mbits/sec 225.66 
128 129 318 2.60 Mbits/sec 247.07 
129 130 452 3.71 Mbits/sec 348.48 
130 131 417 3.42 Mbits/sec 275.66 
131 132 262 2.14 Mbits/sec 244.24 
132 133 368 3.01 Mbits/sec 265.66 
133 134 247 2.03 Mbits/sec 252.83 
134 135 240 1.97 Mbits/sec 312.83 
135 136 397 3.25 Mbits/sec 294.24 
136 137 349 2.86 Mbits/sec 274.24 
137 138 262 2.14 Mbits/sec 257.07 
138 139 373 3.06 Mbits/sec 334.24 
139 140 287 2.35 Mbits/sec 302.83 
140 141 455 3.73 Mbits/sec 352.83 
141 142 411 3.37 Mbits/sec 372.83 
142 143 383 3.14 Mbits/sec 332.83 
143 144 369 3.02 Mbits/sec 235.66 
144 145 370 3.04 Mbits/sec 334.24 
145 146 400 3.28 Mbits/sec 255.66 
146 147 433 3.54 Mbits/sec 285.66 
147 148 393 3.22 Mbits/sec 295.66 
148 149 293 2.40 Mbits/sec 254.24 
149 150 339 2.78 Mbits/sec 265.66 
150 151 392 3.21 Mbits/sec 284.24 
151 152 304 2.49 Mbits/sec 254.24 
152 153 247 2.03 Mbits/sec 245.66 
153 154 392 3.21 Mbits/sec 322.83 
154 155 339 2.78 Mbits/sec 235.66 
155 156 373 3.06 Mbits/sec 312.83 
156 157.02 434 3.50 Mbits/sec 322.83 
157.02 158 430 3.58 Mbits/sec 295.66 
158 159 441 3.61 Mbits/sec 424.24 
159 160 264 2.17 Mbits/sec 291.41 
160 161 407 3.34 Mbits/sec 345.66 
161 162 376 3.08 Mbits/sec 331.41 
162 163 396 3.24 Mbits/sec 377.07 
163 164 297 2.43 Mbits/sec 244.24 
164 165 310 2.54 Mbits/sec 227.07 
165 166 355 2.91 Mbits/sec 288.48 
166 167 329 2.70 Mbits/sec 244.24 
167 168 315 2.58 Mbits/sec 294.24 
168 169.03 369 2.93 Mbits/sec 275.66 
169.03 170 255 2.15 Mbits/sec 212.83 
170 171.01 321 2.60 Mbits/sec 204.24 
171.01 172 246 2.04 Mbits/sec 272.83 
172 173.02 334 2.69 Mbits/sec 225.66 
173.02 174 438 3.66 Mbits/sec 148.48 
174 175 389 3.19 Mbits/sec 207.07 
175 176 303 2.48 Mbits/sec 234.24 
176 177 396 3.25 Mbits/sec 225.66 
177 178 335 2.74 Mbits/sec 254.24 
178 179 303 2.48 Mbits/sec 327.07 
179 180 386 3.16 Mbits/sec 412.83 
180 181 376 3.08 Mbits/sec 454.24 
181 182 327 2.68 Mbits/sec 285.66 
182 183 270 2.21 Mbits/sec 282.83 
183 184 331 2.71 Mbits/sec 352.83 
184 185 249 2.04 Mbits/sec 282.83 
185 186 420 3.44 Mbits/sec 335.66 
186 187 342 2.80 Mbits/sec 332.83 
187 188 358 2.93 Mbits/sec 372.83 
188 189 197 1.61 Mbits/sec 234.24 
189 190 301 2.47 Mbits/sec 294.24 
190 191 361 2.95 Mbits/sec 342.83 
191 192 307 2.52 Mbits/sec 294.24 
192 193 386 3.16 Mbits/sec 258.48 
193 194 436 3.57 Mbits/sec 412.83 
194 195 270 2.21 Mbits/sec 262.83 
195 196 399 3.27 Mbits/sec 307.07 
196 197 409 3.35 Mbits/sec 317.07 
197 198 395 3.23 Mbits/sec 405.66 
198 199 392 3.21 Mbits/sec 355.66 
199 200 434 3.56 Mbits/sec 347.07 
200 201 322 2.64 Mbits/sec 257.07 
201 202 332 2.72 Mbits/sec 325.66 
202 203 433 3.54 Mbits/sec 414.24 
203 204 369 3.02 Mbits/sec 325.66 
204 205 255 2.08 Mbits/sec 225.66 
205 206 387 3.17 Mbits/sec 384.24 
206 207 221 1.81 Mbits/sec 258.48 
207 208 376 3.08 Mbits/sec 292.83 
208 209 229 1.88 Mbits/sec 177.07 
209 210 267 2.19 Mbits/sec 285.66 
210 211 338 2.77 Mbits/sec 372.83 
211 212 407 3.34 Mbits/sec 414.24 
212 213 279 2.28 Mbits/sec 252.83 
213 214 414 3.39 Mbits/sec 334.24 
214 215 270 2.21 Mbits/sec 265.66 
215 216 382 3.13 Mbits/sec 307.07 
216 217 338 2.77 Mbits/sec 285.66 
217 218 221 1.81 Mbits/sec 322.83 
218 219 226 1.85 Mbits/sec 264.24 
219 220 270 2.21 Mbits/sec 312.83 
220 221 370 3.03 Mbits/sec 312.83 
221 222 349 2.86 Mbits/sec 315.66 
222 223 304 2.49 Mbits/sec 305.66 
223 224 419 3.43 Mbits/sec 302.83 
224 225 219 1.80 Mbits/sec 185.66 
225 226 204 1.67 Mbits/sec 202.83 
226 227 259 2.12 Mbits/sec 284.24 
227 228 322 2.64 Mbits/sec 295.66 
228 229 413 3.38 Mbits/sec 311.41 
229 230 202 1.66 Mbits/sec 235.66 
230 231 273 2.24 Mbits/sec 302.83 
231 232 223 1.83 Mbits/sec 284.24 
232 233 373 3.06 Mbits/sec 265.66 
233 234 403 3.30 Mbits/sec 305.66 
234 235 407 3.34 Mbits/sec 345.66 
235 236 434 3.55 Mbits/sec 434.24 
236 237 338 2.77 Mbits/sec 312.83 
237 238 395 3.23 Mbits/sec 294.24 
238 239 455 3.73 Mbits/sec 414.24 
239 240 410 3.36 Mbits/sec 382.83 
240 241 346 2.84 Mbits/sec 334.24 
241 242 317 2.59 Mbits/sec 322.83 
242 243 356 2.93 Mbits/sec 334.24 
243 244 293 2.40 Mbits/sec 222.83 
244 245 395 3.23 Mbits/sec 372.83 
245 246 462 3.79 Mbits/sec 275.66 
246 247 287 2.35 Mbits/sec 334.24 
247 248 392 3.21 Mbits/sec 302.83 
248 249 358 2.93 Mbits/sec 274.24 
249 250 375 3.07 Mbits/sec 334.24 
250 251 417 3.42 Mbits/sec 334.24 
251 252 362 2.97 Mbits/sec 372.83 
252 253 378 3.09 Mbits/sec 324.24 
253 254 385 3.15 Mbits/sec 412.83 
254 255 346 2.84 Mbits/sec 254.24 
255 256 413 3.38 Mbits/sec 368.48 
256 257 339 2.78 Mbits/sec 325.66 
257 258 221 1.81 Mbits/sec 265.66 
258 259 387 3.17 Mbits/sec 287.07 
259 260 424 3.47 Mbits/sec 282.83 
260 261 259 2.12 Mbits/sec 304.24 
261 262 348 2.85 Mbits/sec 232.83 
262 263 307 2.51 Mbits/sec 364.24 
263 264 369 3.02 Mbits/sec 382.83 
264 265 355 2.91 Mbits/sec 164.24 
265 266 262 2.14 Mbits/sec 324.24 
266 267 273 2.24 Mbits/sec 247.07 
267 268 474 3.88 Mbits/sec 265.66 
268 269 249 2.04 Mbits/sec 258.48 
269 270 362 2.97 Mbits/sec 264.24 
270 271 370 3.04 Mbits/sec 244.24 
271 272 329 2.70 Mbits/sec 214.24 
272 273 206 1.69 Mbits/sec 162.83 
273 274 191 1.56 Mbits/sec 175.66 
274 275 317 2.59 Mbits/sec 215.66 
275 276 310 2.54 Mbits/sec 177.07 
276 277 318 2.61 Mbits/sec 332.83 
277 278 356 2.92 Mbits/sec 305.66 
278 279 414 3.39 Mbits/sec 285.66 
279 280 414 3.39 Mbits/sec 321.41 
280 281 403 3.30 Mbits/sec 264.24 
281 282 230 1.89 Mbits/sec 282.83 
282 283 355 2.91 Mbits/sec 208.48 
283 284 328 2.69 Mbits/sec 242.83 
284 285 335 2.74 Mbits/sec 281.41 
285 286 416 3.41 Mbits/sec 315.66 
286 287 249 2.04 Mbits/sec 217.07 
287 288 365 2.99 Mbits/sec 335.66 
288 289 320 2.62 Mbits/sec 365.66 
289 290 247 2.03 Mbits/sec 242.83 
290 291 164 1.34 Mbits/sec 264.24 
291 292 301 2.47 Mbits/sec 342.83 
292 293 315 2.58 Mbits/sec 332.83 
293 294 308 2.53 Mbits/sec 279.90 
294 295 361 2.95 Mbits/sec 334.24 
295 296 311 2.55 Mbits/sec 304.24 
296 297 288 2.36 Mbits/sec 332.83 
297 298 228 1.86 Mbits/sec 342.83 
298 299 206 1.69 Mbits/sec 282.83 
299 300 297 2.43 Mbits/sec 305.66 
300 301 246 2.02 Mbits/sec 264.24 
301 302 266 2.18 Mbits/sec 175.66 
302 303 341 2.79 Mbits/sec 314.24 
303 304 324 2.65 Mbits/sec 234.24 
304 305 307 2.51 Mbits/sec 254.24 
305 306 383 3.14 Mbits/sec 324.24 
306 307 368 3.01 Mbits/sec 324.24 
307 308 291 2.39 Mbits/sec 362.83 
308 309 225 1.84 Mbits/sec 252.83 
309 310 308 2.53 Mbits/sec 294.24 
310 311 376 3.08 Mbits/sec 225.66 
311 312 238 1.95 Mbits/sec 362.83 
312 313 194 1.59 Mbits/sec 185.66 
313 314 246 2.02 Mbits/sec 252.83 
314 315 253 2.07 Mbits/sec 254.24 
315 316 246 2.02 Mbits/sec 255.66 
316 317 177 1.45 Mbits/sec 165.66 
317 318 120 984 Kbits/sec 112.83 
318 319 86.3 707 Kbits/sec 144.24 
319 320 386 3.16 Mbits/sec 322.83 
320 321 130 1.07 Mbits/sec 152.83 
321 322 272 2.22 Mbits/sec 307.07 
322 323 250 2.05 Mbits/sec 304.24 
323 324 229 1.88 Mbits/sec 254.24 
324 325 240 1.97 Mbits/sec 264.24 
325 326 270 2.21 Mbits/sec 247.07 
326 327 328 2.69 Mbits/sec 202.83 
327 328 283 2.32 Mbits/sec 284.24 
328 329 134 1.10 Mbits/sec 124.24 
329 330 281 2.30 Mbits/sec 224.24 
330 331 307 2.51 Mbits/sec 284.24 
331 332 202 1.66 Mbits/sec 155.66 
332 333 175 1.44 Mbits/sec 134.24 
333 334 214 1.75 Mbits/sec 171.41 
334 335 187 1.53 Mbits/sec 234.24 
335 336 290 2.38 Mbits/sec 245.66 
336 337 204 1.67 Mbits/sec 272.83 
337 338 346 2.84 Mbits/sec 207.07 
338 339 361 2.95 Mbits/sec 301.41 
339 340 358 2.93 Mbits/sec 274.24 
340 341 232 1.90 Mbits/sec 215.66 
341 342 257 2.11 Mbits/sec 164.24 
342 343 130 1.07 Mbits/sec 124.24 
343 344 117 962 Kbits/sec 49.90 
344 345 73.5 602 Kbits/sec 67.07 
345 346 32.5 266 Kbits/sec 42.83 
346 347 22.6 185 Kbits/sec 24.24 
347 348 9.90 81.1 Kbits/sec 22.83 
348 349 17.0 139 Kbits/sec 14.24 
349 350 59.4 487 Kbits/sec 09.90 
350 351 63.6 522 Kbits/sec 55.66 
351 352 21.2 174 Kbits/sec 32.83 
352 353 2.83 23.2 Kbits/sec 11.41 
353 354 19.8 162 Kbits/sec 34.24 
354 355 1.41 11.6 Kbits/sec 42.83 
355 356 21.2 174 Kbits/sec 22.83 
356 357 26.9 220 Kbits/sec 52.83 
357 358 53.7 440 Kbits/sec 44.24 
358 359 55.1 452 Kbits/sec 45.66 
359 360 342 2.80 Mbits/sec 275.66 
360 361 433 3.54 Mbits/sec 317.07 
361 362 281 2.31 Mbits/sec 245.66 
362 363 397 3.25 Mbits/sec 354.24 
363 364 338 2.77 Mbits/sec 404.24 
364 365 327 2.68 Mbits/sec 234.24 
365 366.01 431 3.50 Mbits/sec 325.66 
366.01 367 370 3.06 Mbits/sec 275.66 
367 368 320 2.62 Mbits/sec 422.83 
368 369 406 3.32 Mbits/sec 294.24 
369 370 329 2.70 Mbits/sec 374.24 
370 371 372 3.05 Mbits/sec 322.83 
371 372 375 3.07 Mbits/sec 294.24 
372 373 140 1.15 Mbits/sec 142.83 
373 374 173 1.41 Mbits/sec 177.07 
374 375 228 1.87 Mbits/sec 192.83 
375 376 332 2.72 Mbits/sec 335.66 
376 377 322 2.64 Mbits/sec 297.07 
377 378 363 2.98 Mbits/sec 294.24 
378 379 262 2.14 Mbits/sec 264.24 
379 380 215 1.76 Mbits/sec 204.24 
380 381 269 2.20 Mbits/sec 197.07 
381 382 390 3.20 Mbits/sec 297.07 
382 383 276 2.26 Mbits/sec 305.66 
383 384 402 3.29 Mbits/sec 234.24 
384 385 126 1.03 Mbits/sec 162.83 
385 386 273 2.24 Mbits/sec 234.24 
386 387 332 2.72 Mbits/sec 301.41 
387 388 393 3.22 Mbits/sec 395.66 
388 389 329 2.70 Mbits/sec 308.48 
389 390 411 3.37 Mbits/sec 255.66 
390 391 274 2.25 Mbits/sec 225.66 
391 392 355 2.91 Mbits/sec 167.07 
392 393 344 2.81 Mbits/sec 272.83 
393 394 375 3.07 Mbits/sec 254.24 
394 395 335 2.75 Mbits/sec 255.66 
395 396 379 3.10 Mbits/sec 268.48 
396 397 404 3.31 Mbits/sec 284.24 
397 398 339 2.78 Mbits/sec 235.66 
398 399 414 3.39 Mbits/sec 324.24 
399 400 469 3.85 Mbits/sec 242.83 
400 401 329 2.70 Mbits/sec 288.48 
401 402 392 3.21 Mbits/sec 277.07 
402 403 325 2.67 Mbits/sec 344.24 
403 404 362 2.97 Mbits/sec 305.66 
404 405 396 3.24 Mbits/sec 344.24 
405 406 359 2.94 Mbits/sec 315.66 
406 407 362 2.96 Mbits/sec 255.66 
407 408 256 2.10 Mbits/sec 295.66 
408 409 225 1.84 Mbits/sec 292.83 
409 410 372 3.05 Mbits/sec 258.48 
410 411 290 2.37 Mbits/sec 335.66 
411 412 300 2.46 Mbits/sec 262.83 
412 413 298 2.44 Mbits/sec 254.24 
413 414 361 2.95 Mbits/sec 225.66 
414 415 311 2.55 Mbits/sec 187.07 
415 416 214 1.75 Mbits/sec 145.66 
416 417 249 2.04 Mbits/sec 197.07 
417 418 300 2.46 Mbits/sec 225.66 
418 419 325 2.66 Mbits/sec 262.83 
419 420 359 2.94 Mbits/sec 295.66 
420 421 288 2.36 Mbits/sec 324.24 
421 422 338 2.77 Mbits/sec 302.83 
422 423 407 3.34 Mbits/sec 287.07 
423 424 376 3.08 Mbits/sec 344.24 
424 425 274 2.25 Mbits/sec 204.24 
425 426 303 2.48 Mbits/sec 265.66 
426 427 291 2.39 Mbits/sec 217.07 
427 428 232 1.90 Mbits/sec 204.24 
428 429 345 2.83 Mbits/sec 249.90 
429 430 342 2.80 Mbits/sec 344.24 
430 431 308 2.53 Mbits/sec 202.83 
431 432 362 2.97 Mbits/sec 265.66 
432 433 321 2.63 Mbits/sec 234.24 
433 434 300 2.45 Mbits/sec 234.24 
434 435 370 3.03 Mbits/sec 295.66 
435 436 297 2.43 Mbits/sec 255.66 
436 437 208 1.70 Mbits/sec 252.83 
437 438 198 1.62 Mbits/sec 187.07 
438 439 150 1.23 Mbits/sec 155.66 
439 440 411 3.37 Mbits/sec 229.90 
440 441 321 2.63 Mbits/sec 304.24 
441 442 288 2.36 Mbits/sec 274.24 
442 443 355 2.91 Mbits/sec 232.83 
443 444 205 1.68 Mbits/sec 212.83 
444 445 273 2.24 Mbits/sec 264.24 
445 446 194 1.59 Mbits/sec 224.24 
446 447 346 2.84 Mbits/sec 285.66 
447 448 433 3.55 Mbits/sec 208.48 
448 449 332 2.72 Mbits/sec 352.83 
449 450 161 1.32 Mbits/sec 164.24 
450 451 318 2.61 Mbits/sec 185.66 
451 452 317 2.59 Mbits/sec 285.66 
452 453 270 2.21 Mbits/sec 212.83 
453 454 420 3.44 Mbits/sec 275.66 
454 455 345 2.83 Mbits/sec 294.24 
455 456 303 2.48 Mbits/sec 207.07 
456 457 174 1.42 Mbits/sec 208.48 
457 458 356 2.92 Mbits/sec 292.83 
458 459 345 2.82 Mbits/sec 165.66 
459 460 397 3.25 Mbits/sec 364.24 
460 461 387 3.17 Mbits/sec 298.48 
461 462 219 1.80 Mbits/sec 322.83 
462 463 379 3.11 Mbits/sec 198.48 
463 464 297 2.43 Mbits/sec 194.24 
464 465 363 2.98 Mbits/sec 195.66 
465 466 344 2.81 Mbits/sec 232.83 
466 467 359 2.94 Mbits/sec 267.07 
467 468 379 3.10 Mbits/sec 207.07 
468 469 410 3.36 Mbits/sec 227.07 
469 470 308 2.52 Mbits/sec 225.66 
470 471 313 2.56 Mbits/sec 158.48 
471 472 263 2.15 Mbits/sec 202.83 
472 473 305 2.50 Mbits/sec 385.66 
473 474 393 3.22 Mbits/sec 192.83 
474 475 390 3.19 Mbits/sec 267.07 
475 476 337 2.76 Mbits/sec 265.66 
476 477 283 2.32 Mbits/sec 245.66 
477 478 349 2.86 Mbits/sec 228.48 
478 479 311 2.55 Mbits/sec 227.07 
479 480 455 3.73 Mbits/sec 297.07 
480 481 281 2.31 Mbits/sec 265.66 
481 482 133 1.09 Mbits/sec 202.83 
482 483 205 1.68 Mbits/sec 262.83 
483 484 226 1.86 Mbits/sec 274.24 
484 485 211 1.73 Mbits/sec 274.24 
485 486 317 2.60 Mbits/sec 274.24 
486 487 294 2.41 Mbits/sec 392.83 
487 488 276 2.26 Mbits/sec 301.41 
488 489 397 3.26 Mbits/sec 234.24 
489 490 338 2.77 Mbits/sec 295.66 
490 491 225 1.84 Mbits/sec 215.66 
491 492 288 2.36 Mbits/sec 245.66 
492 493 267 2.19 Mbits/sec 325.66 
493 494 270 2.21 Mbits/sec 265.66 
494 495 351 2.87 Mbits/sec 324.24 
495 496 362 2.97 Mbits/sec 394.24 
496 497 262 2.14 Mbits/sec 232.83 
497 498 296 2.42 Mbits/sec 282.83 
498 499 269 2.20 Mbits/sec 352.83 
499 500 298 2.44 Mbits/sec 297.07 
500 501 199 1.63 Mbits/sec 265.66 
501 502 274 2.25 Mbits/sec 304.24 
502 503 375 3.07 Mbits/sec 398.48 
503 504 354 2.90 Mbits/sec 364.24 
504 505 245 2 Mbits/sec 232.83 
505 506 376 3.08 Mbits/sec 315.66 
506 507 313 2.56 Mbits/sec 342.83 
507 508 315 2.59 Mbits/sec 327.07 
508 509 375 3.07 Mbits/sec 317.07 
509 510 494 4.05 Mbits/sec 264.24 
510 511 404 3.31 Mbits/sec 345.66 
511 512 293 2.40 Mbits/sec 222.83 
512 513 427 3.50 Mbits/sec 297.07 
513 514 452 3.71 Mbits/sec 332.83 
514 515 382 3.13 Mbits/sec 247.07 
515 516 345 2.83 Mbits/sec 384.24 
516 517 329 2.70 Mbits/sec 302.83 
517 518 387 3.17 Mbits/sec 292.83 
518 519 438 3.59 Mbits/sec 444.24 
519 520 349 2.86 Mbits/sec 315.66 
520 521 338 2.77 Mbits/sec 304.24 
521 522 410 3.36 Mbits/sec 305.66 
522 523 266 2.18 Mbits/sec 362.83 
523 524 266 2.18 Mbits/sec 284.24 
524 525 171 1.40 Mbits/sec 181.41 
525 526 310 2.54 Mbits/sec 292.83 
526 527 359 2.94 Mbits/sec 344.24 
527 528 252 2.06 Mbits/sec 232.83 
528 529 221 1.81 Mbits/sec 202.83 
529 530 267 2.19 Mbits/sec 354.24 
530 531 209 1.71 Mbits/sec 292.83 
531 532 247 2.03 Mbits/sec 311.41 
532 533 314 2.57 Mbits/sec 327.07 
533 534 311 2.55 Mbits/sec 384.24 
534 535 274 2.25 Mbits/sec 292.83 
535 536 197 1.61 Mbits/sec 217.07 
536 537 151 1.24 Mbits/sec 122.83 
537 538 253 2.07 Mbits/sec 291.41 
538 539 361 2.96 Mbits/sec 364.24 
539 540 246 2.01 Mbits/sec 264.24 
540 541 296 2.42 Mbits/sec 332.83 
541 542 372 3.05 Mbits/sec 344.24 
542 543 294 2.41 Mbits/sec 304.24 
543 544 206 1.69 Mbits/sec 171.41 
544 545 202 1.66 Mbits/sec 222.83 
545 546 304 2.49 Mbits/sec 312.83 
546 547 313 2.56 Mbits/sec 345.66 
547 548 260 2.13 Mbits/sec 302.83 
548 549 279 2.28 Mbits/sec 252.83 
549 550 163 1.33 Mbits/sec 224.24 
550 551 201 1.65 Mbits/sec 252.83 
551 552 318 2.60 Mbits/sec 281.41 
552 553 180 1.47 Mbits/sec 272.83 
553 554 55.1 452 Kbits/sec 152.83 
554 555 116 950 Kbits/sec 111.41 
555 556 173 1.41 Mbits/sec 212.83 
556 557 214 1.75 Mbits/sec 272.83 
557 558 226 1.85 Mbits/sec 245.66 
558 559 303 2.48 Mbits/sec 315.66 
559 560 225 1.84 Mbits/sec 224.24 
560 561 243 1.99 Mbits/sec 282.83 
561 562 287 2.35 Mbits/sec 308.48 
562 563 352 2.88 Mbits/sec 372.83 
563 564 177 1.45 Mbits/sec 227.07 
564 565 338 2.77 Mbits/sec 382.83 
565 566 255 2.09 Mbits/sec 272.83 
566 567 260 2.13 Mbits/sec 252.83 
567 568 222 1.82 Mbits/sec 234.24 
568 569 247 2.03 Mbits/sec 322.83 
569 570 246 2.01 Mbits/sec 284.24 
570 571 178 1.46 Mbits/sec 242.83 
571 572 249 2.04 Mbits/sec 235.66 
572 573 277 2.27 Mbits/sec 304.24 
573 574 262 2.14 Mbits/sec 245.66 
574 575 303 2.48 Mbits/sec 272.83 
575 576 269 2.20 Mbits/sec 324.24 
576 577 273 2.24 Mbits/sec 272.83 
577 578 305 2.50 Mbits/sec 334.24 
578 579 297 2.43 Mbits/sec 315.66 
579 580 284 2.33 Mbits/sec 345.66 
580 581 215 1.76 Mbits/sec 315.66 
581 582 140 1.15 Mbits/sec 152.83 
582 583 239 1.96 Mbits/sec 312.83 
583 584 358 2.93 Mbits/sec 325.66 
584 585 313 2.56 Mbits/sec 284.24 
585 586 161 1.32 Mbits/sec 252.83 
586 587 189 1.55 Mbits/sec 205.66 
587 588 236 1.93 Mbits/sec 245.66 
588 589 267 2.19 Mbits/sec 275.66 
589 590 373 3.06 Mbits/sec 312.83 
590 591 266 2.18 Mbits/sec 265.66 
591 592 300 2.46 Mbits/sec 344.24 
592 593 209 1.71 Mbits/sec 235.66 
593 594 269 2.20 Mbits/sec 225.66 
594 595 223 1.83 Mbits/sec 237.07 
595 596 189 1.55 Mbits/sec 264.24 
596 597 250 2.05 Mbits/sec 255.66 
597 598 225 1.84 Mbits/sec 212.83 
598 599 249 2.04 Mbits/sec 235.66 
599 600 242 1.98 Mbits/sec 314.24 


