1,5.09
2,4.69
3,5.39
4,6.10
5,4.68
6,3.65
7,4.69
8,23.7
9,10.2
10,11.0
11,8.06
12,5.23
13,28.3
14,4.43
15,5.29
16,3.64
17,8.65
18,4.84
19,7.67
20,5.89
21,5.98
22,5.25
23,35.1
24,4.99
25,5.56
26,6.36
27,8.43
28,5.08
29,5.24
30,5.77
31,5.51
32,10.9
33,5.45
34,7.35
35,9.53
36,10.6
37,4.54
38,7.72
39,5.34
40,5.68
41,15.6
42,6.13
43,7.05
44,5.08
45,8.61
46,18.9
47,4.78
48,6.27
49,4.46
50,5.52
51,6.28
52,12.2
53,5.55
54,7.39
55,13.6
56,4.67
57,9.05
58,18.7
59,9.34
60,5.20
61,4.66
62,12.6
63,5.64
64,7.64
65,6.23
66,3.91
67,9.24
68,5.32
69,5.60
70,6.36
71,8.87
72,6.48
73,14.0
74,6.53
75,3.96
76,5.37
77,10.0
78,5.04
79,5.36
80,5.71
81,15.4
82,6.99
83,5.27
84,3.74
85,4.27
86,5.31
87,10.9
88,5.03
89,5.05
90,4.58
91,7.62
92,10.8
93,7.32
94,5.36
95,5.97
96,8.14
97,11.6
98,12.6
99,9.40
100,8.24
101,5.31
102,4.35
103,8.22
104,10.5
105,7.34
106,5.48
107,7.21
108,6.54
109,48.5
110,94.3
111,16.2
112,9.02
113,5.30
114,12.3
115,9.28
116,11.6
117,18.3
118,6.03
119,10.3
120,6.40
121,7.40
122,8.42
123,7.37
124,7.73
125,4.93
126,13.0
127,5.04
128,9.60
129,7.55
130,4.97
131,4.75
132,13.8
133,5.57
134,6.08
135,4.54
136,6.25
137,13.7
138,11.7
139,4.58
140,4.65
141,6.97
142,4.73
143,9.20
144,7.89
145,7.46
146,6.68
147,8.43
148,4.23
149,5.62
150,6.31
151,7.13
152,3.73
153,7.83
154,6.98
155,18.7
156,5.61
157,47.9
158,35.1
159,13.3
160,13.3
161,9.78
162,4.64
163,8.89
164,9.19
165,10.0
166,7.64
167,8.97
168,5.78
169,12.8
170,4.21
171,5.21
172,6.55
173,11.9
174,6.47
175,4.66
176,6.12
177,5.57
178,5.04
179,8.41
180,4.61
181,5.75
182,8.51
183,5.08
184,4.81
185,6.45
186,4.44
187,7.62
188,4.32
189,4.69
190,6.16
191,8.47
192,5.19
193,5.07
194,5.39
195,4.23
196,6.85
197,5.17
198,8.99
199,6.94
200,6.60
201,5.19
202,6.01
203,5.55
204,7.81
205,11.4
206,5.76
207,7.41
208,9.79
209,5.37
210,31.3
211,4.95
212,8.06
213,4.98
214,16.9
215,4.28
216,8.58
217,7.57
218,5.00
219,27.1
220,8.02
221,4.20
222,6.61
223,11.3
224,4.01
225,5.91
226,8.01
227,7.05
228,5.14
229,4.28
230,6.34
231,4.60
232,12.5
233,5.25
234,6.05
235,5.47
236,4.45
237,22.7
238,5.00
239,4.30
240,4.27
241,5.56
242,6.69
243,4.02
244,10.7
245,7.88
246,5.67
247,5.42
248,5.39
249,6.08
250,8.40
251,6.58
252,5.60
253,5.34
254,5.48
255,10.7
256,5.18
257,5.66
258,6.33
259,5.93
260,12.1
261,9.35
262,5.51
263,5.80
264,14.6
265,10.4
266,4.49
267,4.24
268,4.01
269,13.1
270,9.33
271,5.96
272,4.96
273,10.8
274,3.53
275,4.88
276,9.78
277,5.05
278,7.17
279,8.75
280,4.63
281,5.11
282,9.20
283,9.36
284,14.3
285,4.46
286,11.3
287,11.4
288,5.29
289,6.08
290,12.4
291,20.8
292,11.9
293,4.93
294,6.03
295,7.86
296,8.46
297,4.28
298,4.95
299,8.28
300,10.1
301,10.6
302,11.8
303,6.21
304,4.56
305,43.8
306,19.4
307,21.3
308,8.10
309,9.42
310,44.9
311,5.45
312,4.29
313,9.30
314,7.93
315,7.24
316,12.9
317,15.8
318,5.22
319,19.7
320,8.36
321,8.59
322,24.2
323,8.32
324,5.85
325,7.87
326,5.18
327,5.58
328,13.9
329,5.73
330,7.88
331,10.6
332,33.9
333,119
335,109
336,441
338,28.8
339,58.0
340,103
341,227
342,45.6
343,141
344,70.7
345,70.4
346,5.60
347,11.9
348,6.11
349,5.53
350,5.81
351,5.17
352,23.0
353,8.63
354,6.66
355,6.51
356,12.5
357,4.06
358,4.34
359,5.17
360,6.51
361,10.9
362,3.74
363,7.12
364,5.15
365,11.8
366,13.2
367,8.81
368,4.74
369,18.3
370,13.7
371,5.57
372,5.10
373,6.20
374,37.2
375,10.4
376,5.80
377,5.65
378,4.65
379,14.3
380,4.05
381,3.96
382,3.84
383,9.17
384,14.6
385,9.00
386,4.63
387,6.01
388,17.5
389,4.70
390,6.47
391,7.09
392,7.43
393,12.4
394,5.23
395,5.66
396,7.18
397,8.91
398,10.0
399,5.31
400,6.01
401,13.0
402,18.2
403,23.5
404,8.13
405,29.5
406,12.3
407,19.8
408,4.49
409,4.99
410,4.95
411,21.4
412,6.95
413,5.24
414,6.89
415,11.2
416,17.0
417,4.82
418,6.47
419,4.68
420,18.7
421,6.24
422,5.52
423,7.19
424,11.1
425,4.62
426,4.68
427,8.12
428,10.9
429,14.7
430,6.03
431,5.96
432,46.5
433,8.33
434,19.1
435,8.42
436,4.98
437,4.67
438,14.2
439,4.85
440,6.10
441,7.77
442,5.68
443,5.98
444,7.85
445,9.20
446,5.52
447,13.8
448,10.9
449,6.60
450,5.06
451,7.51
452,25.1
453,7.14
454,8.15
455,6.98
456,14.1
457,5.44
458,16.6
459,4.79
460,9.83
461,10.5
462,7.83
463,10.2
464,6.56
465,10.2
466,23.4
467,6.43
468,7.72
469,11.5
470,4.71
471,5.01
472,5.39
473,12.9
474,10.0
475,15.2
476,5.12
477,6.73
478,12.4
479,5.93
480,10.3
481,5.32
482,5.98
483,5.01
484,14.4
485,5.51
486,5.77
487,8.63
488,16.0
489,7.05
490,14.0
491,4.81
492,5.94
493,17.1
494,7.46
495,4.33
496,3.54
497,6.90
498,18.0
499,5.27
500,5.41
501,8.23
502,7.13
503,6.95
504,7.73
505,4.56
506,6.47
507,11.9
508,4.67
509,5.26
510,4.56
511,4.84
512,3.17
513,10.5
514,4.52
515,7.62
516,4.77
517,9.28
518,4.35
519,5.72
520,7.45
521,4.80
522,7.56
523,5.94
524,15.2
525,14.9
526,7.80
527,4.96
528,16.1
529,5.29
530,11.3
531,6.33
532,7.03
533,9.27
534,21.9
535,5.45
536,4.98
537,30.1
538,8.20
539,13.1
540,5.35
541,5.24
542,42.8
543,21.4
544,20.3
545,9.24
546,7.56
547,9.08
548,9.22
549,5.75
550,8.27
551,4.93
552,4.98
553,5.25
554,4.76
555,8.53
556,6.11
557,14.5
558,4.80
559,6.33
560,5.06
561,6.44
562,12.3
563,5.75
564,4.79
565,4.47
566,9.81
567,8.81
568,7.18
569,7.72
570,18.4
571,7.17
572,3.98
573,4.18
574,7.51
575,14.9
576,6.17
577,8.78
578,5.41
579,11.3
580,9.73
581,5.60
582,8.92
583,5.19
584,14.9
585,5.12
586,3.31
587,16.6
588,7.69
589,21.8
590,7.79
591,13.1
592,91.3
593,113
594,32.6
595,56.3
596,76.1
597,101
598,122
599,38.7
600,60.5
601,81.7
602,104
603,23.8
604,47.4
605,71.0
606,92.5
607,114
608,34.1
